[1,["5earr9gO9E8rXxhMx+Sp8N@4ac0e","cb/B284PlAz7Kn2vLbwa4A@fd8a6","c4Cus9D1tEO7a+Bi7hdhUs@dc888","9e9KBCz2VD2ITp8KX5OZHi@b3a6d","f5ruMKUthGJZPTPHgBMIDT","b6p5zII7RJSoO+ey8c7+N4@6ddec","b6p5zII7RJSoO+ey8c7+N4@438fe","35c9A8y+lMl5mLK5cUGg8m","baIUdvKGZPgZxNbjWTFuRI","c8LHt7j7hEdbreSxt1+dZ0","63WB8aHjxI2qxHxOGBmR5n","d0MqyYBeFAkIi762QNy1/B@b47c0","6fAc9/gb9Kfr1dCvwZaWSA@b47c0","1brw/JvvpFnIvdrxpFCgMZ"],["node","_parent","clip","root","targetInfo","asset","_anyState","_exitState","_entryState","to","from","data","_mesh","_skeleton","graph","_material","_cameraComponent","scene","_envmapHDR","_envmapLDR","_effectAsset"],["cc.ImageAsset",["cc.Node",["_name","_layer","_id","_objFlags","__editorExtras__","_prefab","_parent","_children","_lpos","_lrot","_euler","_components","_lscale"],-2,4,1,2,5,5,5,12,5],["cc.Node",["_name","_layer","_id","_parent","_components","_lrot","_euler","_children","_prefab","_lpos"],0,1,9,5,5,2,4,5],["cc.Camera",["_visibility","_priority","_clearFlags","_projection","_orthoHeight","_far","node","_color"],-3,1,5],"cc.TextureCube",["cc.animation.AnimationBlend1DItem",["threshold","motion"],2,4],["cc.Node",["_name","_layer","_id","_components","_parent","_children","_prefab","_lpos","_lrot","_euler"],-1,1,9,4,5,5,5],["cc.PrefabInfo",["fileId","root","asset","nestedPrefabInstanceRoots"],2,1,1,2],["cc.Widget",["_alignFlags","_left","_right","_top","_bottom","_originalWidth","_originalHeight","node"],-4,1],["cc.PrefabInstance",["fileId","prefabRootNode","propertyOverrides"],1,9],["cc.animation.AnimationGraph",["_layers","_variables"],3,9,11],["cc.animation.Layer",["_stateMachine"],3,4],["cc.animation.StateMachine",["_states","_transitions","_entryState","_exitState","_anyState"],3,12,9,1,1,1],["cc.animation.Motion",["name","motion"],2,4],["cc.animation.ClipMotion",["clip"],3,6],["cc.animation.Transition",["from","to"],3,1,1],["cc.animation.PlainVariable",[],3],["cc.animation.TriggerVariable",[],3],["cc.animation.State",["name"],2],["cc.animation.AnimationBlend1D",["name","_items","param"],2,9,4],["cc.animation.BindableNumber",["variable"],2],["cc.Skeleton",["_name","_hash","_joints","_bindposes"],0,12],["cc.Mesh",["_native","_hash","_struct"],1,11],["cc.Prefab",["_name"],2],["cc.Node",["_name","_parent","_components","_lpos"],2,1,2,5],["cc.RigidBody",["_group","_mass","_useGravity","node","__prefab","_linearFactor","_angularFactor"],0,1,4,5,5],["cc.CompPrefabInfo",["fileId"],2],["cc.BoxCollider",["node","__prefab","_center","_size","_material"],3,1,4,5,5,6],["cc.PrefabInfo",["fileId","root","instance","asset"],2,1,4,6],["cc.animation.AnimationController",["node","__prefab","graph"],3,1,4,6],["cc.SkinnedMeshRenderer",["_shadowReceivingMode","node","__prefab","_materials","lightmapSettings","_skinningRoot","_mesh","_skeleton"],2,1,4,3,4,1,6,6],["cc.ModelLightmapSettings",[],3],["cc.SceneAsset",["_name"],2],["cc.Scene",["_name","_children","_prefab","_globals"],2,12,4,4],["cc.SceneGlobals",["ambient","shadows","_skybox","fog","octree"],3,4,4,4,4,4],["cc.AmbientInfo",["_skyIllumLDR","_skyColorHDR","_groundAlbedoHDR","_skyColorLDR","_groundAlbedoLDR"],2,5,5,5,5],["cc.ShadowsInfo",["_enabled","_type","_shadowColor"],1,5],["cc.SkyboxInfo",["_enabled","_envmapHDR","_envmapLDR"],2,6,6],["cc.FogInfo",[],3],["cc.OctreeInfo",[],3],["cc.UITransform",["node","_contentSize"],3,1,5],["cc.Canvas",["node","_cameraComponent"],3,1,1],["ec17bSIBSFAPZG34QuGKdIZ",["node"],3,1],["c6076d9xaJIE69QP200khrJ",["node"],3,1],["cc.TargetInfo",["localID"],2],["CCPropertyOverrideInfo",["value","propertyPath","targetInfo"],1,4],["CCPropertyOverrideInfo",["propertyPath","targetInfo","value"],2,4,8],["CCPropertyOverrideInfo",["propertyPath","targetInfo","value"],2,1,8],["CCPropertyOverrideInfo",["value","propertyPath","targetInfo"],1,1],["b9686RX/fxPm5Y/3rgj053I",["node","target","followOffset"],3,1,1,5],["cc.DirectionalLight",["_shadowFixedArea","node","_staticSettings"],2,1,4],["cc.StaticLightSettings",[],3],["cc.Material",["_name","_props","_states","_defines"],-1]],[[7,0,1,2,2],[1,0,1,6,7,5,8,9,10,3],[44,0,2],[1,0,1,6,5,8,9,10,3],[6,0,1,4,5,6,7,8,9,3],[47,0,1,2,2],[14,0,1],[46,0,1,2,2],[1,0,1,7,5,8,9,10,3],[26,0,2],[18,0,2],[5,0,1,2],[13,0,1,2],[1,0,1,6,7,5,9,10,3],[1,3,4,6,5,3],[2,0,2,3,4,9,5,6,3],[28,0,1,2,3,2],[40,0,1,1],[48,0,1,2,3],[49,0,1,2,1],[10,0,1,1],[11,0,1],[12,0,1,2,3,4,1],[15,0,1,1],[16,1],[17,1],[19,0,1,2,2],[5,1,1],[20,0,2],[21,0,1,2,3,4],[22,0,1,2,3],[23,0,2],[1,0,1,7,11,5,8,3],[1,0,1,6,7,5,8,9,12,10,3],[1,0,2,6,3],[2,0,1,3,7,4,8,5,6,3],[2,0,1,3,4,8,5,6,3],[2,0,1,2,3,7,4,9,4],[2,0,1,3,7,4,3],[2,0,2,3,4,5,6,3],[6,0,2,3,4,4],[24,0,1,2,3,2],[25,0,1,2,3,4,5,6,4],[27,0,1,2,3,4,1],[7,0,3,2],[29,0,1,2,1],[30,0,1,2,3,4,5,6,7,2],[31,1],[32,0,2],[33,0,1,2,3,2],[34,0,1,2,3,4,1],[35,0,1,2,3,4,2],[36,0,1,2,3],[37,0,1,2,2],[38,1],[39,1],[41,0,1,1],[8,0,1,2,3,4,7,6],[8,0,5,6,7,4],[42,0,1],[43,0,1],[9,0,1,2,3],[9,0,2,2],[45,0,1,2,3],[3,1,2,0,6,7,4],[3,0,6,7,2],[3,3,1,4,5,2,0,6,7,7],[50,0,1,2,2],[51,1],[52,0,1,2,3,5]],[[[[20,[[21,[22,[[-6,-7,-8,-9,[12,"Harvesting",[6,4]]],1,1,1,1,4],[[23,-5,-4]],-3,-2,-1]]],[{},"MoveSpeed",4,[24],"IsHarvesting",4,[25]]],[10,"Entry"],[10,"Exit"],[10,"Any"],[12,"Movement",[26,"Movement",[[27,[6,0]],[11,1,[6,1]],[11,2,[6,2]],[11,6,[6,3]]],[28,"MoveSpeed"]]]],0,[0,6,3,0,7,2,0,8,1,0,9,4,0,10,1,0,-1,1,0,-2,2,0,-3,3,0,-4,4,9],[0,0,0,0,0],[2,2,2,2,2],[1,2,3,0,0]],[[{"base":"2,2,0,0,2,0","rgbe":false,"mipmaps":[{"front":"6f01cf7f-81bf-4a7e-bd5d-0afc19696480@b47c0@e9a6d","back":"6f01cf7f-81bf-4a7e-bd5d-0afc19696480@b47c0@40c10","left":"6f01cf7f-81bf-4a7e-bd5d-0afc19696480@b47c0@8fd34","right":"6f01cf7f-81bf-4a7e-bd5d-0afc19696480@b47c0@74afd","top":"6f01cf7f-81bf-4a7e-bd5d-0afc19696480@b47c0@bb97f","bottom":"6f01cf7f-81bf-4a7e-bd5d-0afc19696480@b47c0@7d38f"}]}],[4],0,[],[],[]],[[{"fmt":"0","w":0,"h":0},-1],[0],0,[],[],[]],[[{"fmt":"0","w":0,"h":0},-1],[0],0,[],[],[]],[[{"fmt":"0","w":0,"h":0},-1],[0],0,[],[],[]],[[{"fmt":"0","w":0,"h":0},-1],[0],0,[],[],[]],[[{"fmt":"0","w":0,"h":0},-1],[0],0,[],[],[]],[[{"fmt":"0","w":0,"h":0},-1],[0],0,[],[],[]],[[[29,"Skin-0",3872059137,["Skelet.c/root","Skelet.c/root/pelvis","Skelet.c/root/pelvis/spine_01","Skelet.c/root/pelvis/spine_01/spine_02","Skelet.c/root/pelvis/spine_01/spine_02/spine_03","Skelet.c/root/pelvis/spine_01/spine_02/spine_03/clavicle_l","Skelet.c/root/pelvis/spine_01/spine_02/spine_03/clavicle_l/upperarm_l","Skelet.c/root/pelvis/spine_01/spine_02/spine_03/clavicle_l/upperarm_l/lowerarm_l","Skelet.c/root/pelvis/spine_01/spine_02/spine_03/clavicle_l/upperarm_l/lowerarm_l/hand_l","Skelet.c/root/pelvis/spine_01/spine_02/spine_03/clavicle_l/upperarm_l/lowerarm_l/hand_l/index_01_l","Skelet.c/root/pelvis/spine_01/spine_02/spine_03/clavicle_l/upperarm_l/lowerarm_l/hand_l/index_01_l/index_02_l","Skelet.c/root/pelvis/spine_01/spine_02/spine_03/clavicle_l/upperarm_l/lowerarm_l/hand_l/thumb_01_l","Skelet.c/root/pelvis/spine_01/spine_02/spine_03/clavicle_l/upperarm_l/lowerarm_l/hand_l/thumb_01_l/thumb_02_l","Skelet.c/root/pelvis/spine_01/spine_02/spine_03/clavicle_r","Skelet.c/root/pelvis/spine_01/spine_02/spine_03/clavicle_r/upperarm_r","Skelet.c/root/pelvis/spine_01/spine_02/spine_03/clavicle_r/upperarm_r/lowerarm_r","Skelet.c/root/pelvis/spine_01/spine_02/spine_03/clavicle_r/upperarm_r/lowerarm_r/hand_r","Skelet.c/root/pelvis/spine_01/spine_02/spine_03/clavicle_r/upperarm_r/lowerarm_r/hand_r/index_01_r","Skelet.c/root/pelvis/spine_01/spine_02/spine_03/clavicle_r/upperarm_r/lowerarm_r/hand_r/index_01_r/index_02_r","Skelet.c/root/pelvis/spine_01/spine_02/spine_03/clavicle_r/upperarm_r/lowerarm_r/hand_r/thumb_01_r","Skelet.c/root/pelvis/spine_01/spine_02/spine_03/clavicle_r/upperarm_r/lowerarm_r/hand_r/thumb_01_r/thumb_02_r","Skelet.c/root/pelvis/spine_01/spine_02/spine_03/neck_01","Skelet.c/root/pelvis/spine_01/spine_02/spine_03/neck_01/head","Skelet.c/root/pelvis/thigh_l","Skelet.c/root/pelvis/thigh_l/calf_l","Skelet.c/root/pelvis/thigh_l/calf_l/foot_l","Skelet.c/root/pelvis/thigh_r","Skelet.c/root/pelvis/thigh_r/calf_r","Skelet.c/root/pelvis/thigh_r/calf_r/foot_r"],[[[7,-1,2.4492886759122114e-16,0.000004116688614885788,0,2.44929873442846e-16,1,2.449283646654087e-16,0,-0.000004116688614885788,2.4492937051703357e-16,-1,0,0,0,0,1],[7,-2.583961133950652e-7,-8.72209469093832e-8,-1,0,0.002653694013133645,0.999996542930603,-8.79063364322974e-8,0,0.9999964833259583,-0.0026536942459642887,-2.581637374987622e-7,0,-0.011816463433206081,-0.5320144295692444,-0.00035301499883644283,1],[7,-2.8714580935229606e-7,-8.513157467859855e-8,-1,0,0.09168875217437744,0.9957877993583679,-1.111010092813558e-7,0,0.9957876801490784,-0.09168875962495804,-2.7813067049464735e-7,0,-0.06137404963374138,-0.6024429798126221,-0.0003530021640472114,1],[7,-2.5929833213922393e-7,-6.841293753723221e-8,-1,0,-0.06674408912658691,0.997770369052887,-5.095373367680622e-8,0,0.9977700114250183,0.0667441114783287,-2.6328632429795107e-7,0,0.036828577518463135,-0.741450846195221,-0.0003530413086991757,1],[7,0.000050597296649357304,0.0011046375147998333,-0.9999994039535522,0,-0.027597596868872643,0.9996187686920166,0.001102820155210793,0,0.9996190667152405,0.02759753167629242,0.00008106333552859724,0,0.0030803175177425146,-0.8613673448562622,-0.0013044339139014482,1],[7,0.3821814954280853,-0.9058327078819275,0.1827685534954071,0,-0.013409269042313099,-0.2031981199979782,-0.9790459871292114,0,0.92399001121521,0.37172240018844604,-0.08980514109134674,0,0.010102634318172932,0.2155573070049286,1.1523462533950806,1],[7,-0.01708163693547249,-0.8178243637084961,0.5752147436141968,0,0.03273475170135498,-0.5754475593566895,-0.8171836137771606,0,0.9993181824684143,0.004870677832514048,0.03660086542367935,0,-0.1058274433016777,0.5386670827865601,1.0160715579986572,1],[7,-0.23147737979888916,-0.6425685286521912,0.7304273843765259,0,-0.4078468084335327,-0.6175552606582642,-0.6725226640701294,0,0.8832210898399353,-0.45357614755630493,-0.11911943554878235,0,0.26148179173469543,0.41073861718177795,0.939164936542511,1],[7,0.43058472871780396,-0.8825474977493286,0.1889621466398239,0,-0.9022652506828308,-0.42617157101631165,0.0655410960316658,0,0.022687170654535294,-0.19871491193771362,-0.9797947406768799,0,0.9954267740249634,-0.06584253162145615,0.013050554320216179,1],[7,0.4926697611808777,-0.7438766360282898,0.4515790641307831,0,-0.7621244192123413,-0.6193164587020874,-0.18871498107910156,0,0.4200512170791626,-0.25118520855903625,-0.8720451593399048,0,0.9121139645576477,0.10565535724163055,0.37337663769721985,1],[7,0.7542606592178345,-0.3084631860256195,0.57960444688797,0,-0.3557223379611969,-0.9339681267738342,-0.034139152616262436,0,0.5518624782562256,-0.18042846024036407,-0.814182698726654,0,0.7452619075775146,0.5584513545036316,0.3267833888530731,1],[7,-0.5592058300971985,-0.1310432255268097,0.8186063170433044,0,-0.6566253304481506,-0.5327814221382141,-0.5338416695594788,0,0.5060945153236389,-0.8360452055931091,0.21188820898532867,0,0.31332188844680786,0.3148133158683777,0.8824712634086609,1],[7,-0.7264968156814575,-0.16909155249595642,0.6660407185554504,0,-0.2654927968978882,-0.8249205350875854,-0.4990188479423523,0,0.63381028175354,-0.539364755153656,0.5544096231460571,0,-0.08274882286787033,0.5406366586685181,0.8122287392616272,1],[7,0.38218143582344055,0.9058328866958618,-0.18276874721050262,0,0.013409236446022987,-0.2031983584165573,-0.9790460467338562,0,-0.9239899516105652,0.37172240018844604,-0.08980517089366913,0,-0.010102619417011738,0.21555757522583008,1.1523462533950806,1],[7,-0.017081614583730698,0.8178256750106812,-0.5752127766609192,0,-0.032734934240579605,-0.575445830821991,-0.8171846866607666,0,-0.9993180632591248,0.004870717879384756,0.03660101071000099,0,0.10582759976387024,0.5386648774147034,1.016072392463684,1],[7,-0.23147714138031006,0.6425687074661255,-0.7304274439811707,0,0.40784645080566406,-0.6175556182861328,-0.6725226044654846,0,-0.8832212686538696,-0.45357587933540344,-0.1191193163394928,0,-0.26148152351379395,0.4107387959957123,0.9391646981239319,1],[7,0.43058478832244873,0.882547914981842,-0.18896229565143585,0,0.9022653102874756,-0.42617183923721313,0.06554103642702103,0,-0.022687291726469994,-0.19871510565280914,-0.9797948002815247,0,-0.9954268336296082,-0.06584253162145615,0.013050702400505543,1],[7,0.4926696717739105,0.7438774704933167,-0.45157915353775024,0,0.7621247172355652,-0.619316816329956,-0.1887151002883911,0,-0.42005130648612976,-0.25118544697761536,-0.8720453381538391,0,-0.9121140241622925,0.10565528273582458,0.3733767867088318,1],[7,0.7542605996131897,0.30846405029296875,-0.5796046257019043,0,0.355723112821579,-0.9339682459831238,-0.03413964435458183,0,-0.5518628358840942,-0.18042859435081482,-0.8141827583312988,0,-0.7452625036239624,0.5584510564804077,0.3267838656902313,1],[7,-0.5592060685157776,0.13104361295700073,-0.8186067342758179,0,0.6566257476806641,-0.5327817797660828,-0.5338419079780579,0,-0.5060953497886658,-0.8360453248023987,0.21188808977603912,0,-0.3133222162723541,0.31481337547302246,0.8824715614318848,1],[7,-0.7264969348907471,0.16909223794937134,-0.6660411953926086,0,0.26549264788627625,-0.8249208331108093,-0.49901914596557617,0,-0.6338112354278564,-0.5393646955490112,0.5544095039367676,0,0.08274891972541809,0.5406364798545837,0.8122292160987854,1],[7,-3.8660800782963634e-8,-7.170430649239279e-8,-1,0,0.148441344499588,0.9889213442802429,-7.664876733315396e-8,0,0.9889212250709534,-0.1484413594007492,-2.7588606954509487e-8,0,-0.20669199526309967,-1.1759212017059326,5.586332463280996e-8,1],[7,2.686578284283314e-7,-4.850732704397842e-9,-1,0,-0.0025864241179078817,0.9999967217445374,-5.545579107035792e-9,0,0.9999966025352478,0.0025864243507385254,2.6864441338148026e-7,0,-0.016923222690820694,-1.2702627182006836,-4.043994650260174e-8,1],[7,0.11737561225891113,-0.15915541350841522,0.9802515506744385,0,-0.2235523909330368,-0.9659743309020996,-0.13006921112537384,0,0.9675992131233215,-0.2038704752922058,-0.1489613801240921,0,0.13641026616096497,0.5583805441856384,0.1776636242866516,1],[7,0.05814690142869949,-0.0487227700650692,0.9971187114715576,0,0.2307797074317932,-0.9710978865623474,-0.0609092116355896,0,0.9712674021720886,0.23365631699562073,-0.045222096145153046,0,-0.004816307686269283,0.28874874114990234,0.16577889025211334,1],[7,0.014894058927893639,-0.019921423867344856,-0.9996907114982605,0,0.9998475909233093,-0.008828805759549141,0.015072330832481384,0,-0.009126332588493824,-0.9997631311416626,0.019786877557635307,0,-0.005220911931246519,0.00984223559498787,-0.16579733788967133,1],[7,0.11737740784883499,0.1591513305902481,-0.9802529215812683,0,0.22355370223522186,-0.965974748134613,-0.13006477057933807,0,-0.9676001071929932,-0.20387190580368042,-0.1489623636007309,0,-0.13641121983528137,0.558381199836731,0.17766112089157104,1],[7,0.05814889073371887,0.048729367554187775,-0.9971187710762024,0,-0.2307804375886917,-0.9710974097251892,-0.06091612949967384,0,-0.9712689518928528,0.2336570918560028,-0.045222386717796326,0,0.004816130269318819,0.2887475788593292,0.16578087210655212,1],[7,0.014894360676407814,0.01991981826722622,0.9996914267539978,0,-0.9998474717140198,-0.008829607628285885,0.01507264468818903,0,0.009127099066972733,-0.9997649788856506,0.019785234704613686,0,0.005220880266278982,0.009842516854405403,-0.1657973974943161,1]],8,8,8,8,8,8,8,8,8,8,8,8,8,8,8,8,8,8,8,8,8,8,8,8,8,8,8,8,8]]],0,0,[],[],[]],[[[30,".bin",2130955239,[{"primitives":[{"primitiveMode":7,"jointMapIndex":0,"vertexBundelIndices":[0],"indexView":{"offset":86040,"length":22512,"count":5628,"stride":4}}],"vertexBundles":[{"view":{"offset":0,"length":86040,"count":1195,"stride":72},"attributes":[{"name":"a_position","format":32,"isNormalized":false},{"name":"a_normal","format":32,"isNormalized":false},{"name":"a_texCoord","format":21,"isNormalized":false},{"name":"a_tangent","format":44,"isNormalized":false},{"name":"a_joints","format":42,"isNormalized":false},{"name":"a_weights","format":44,"isNormalized":false}]}],"jointMaps":[[0,1,2,3,4,5,6,7,8,9,10,11,12,13,14,15,16,17,18,19,20,21,22,23,24,25,26,27,28]]},"minPosition",8,[1,-0.6138684749603271,-0.0051850080490112305,-0.30234676599502563],"maxPosition",8,[1,0.6138684749603271,1.8435494899749756,0.29083508253097534]]],-1],0,0,[],[],[]],[[[31,"player"],[32,"player",2,[-4],[[null,[42,2,400,false,-2,[9,"d5NcnWKJdByZv+BgAkpNU/"],[1,1,0,1],[1,0,0,0]],[43,-3,[9,"32HpQU3RVL+IqFTLiv8alW"],[1,0,0.9,0],[1,0.4,1.8,1],4]],0,4,4],[0,"798l8wdO9On5EuqNRUB9Oo",-1,0],[1,2,0.19,3]],[35,"Stickman_heads_sphere",2,1,[-6,-7],[[45,-5,[9,"2bfrpH4RpGOamSvXj95Q/p"],3]],[0,"1aiRiLpVJOrZC4vIYGwKlb",1,0],[3,0,-0.70710676908493,0,0.7071067932881648],[1,0,-89.99999803884896,0]],[8,"pelvis",2,[-8,-9,-10],[0,"c0rbYR8JhK0IarYhiZUURP",1,0],[1,0.0003530216054059565,0.5320438146591187,-0.010404620319604874],[3,0.000938245192798024,0.7071074700741742,0.0009381609081067217,0.707104847469857],[1,0.000006547519907902562,90.00021249711088,0.15204235717723355]],[8,"spine_03",2,[-11,-12,-13],[0,"e2pSRY8h9EuL4SLeCALXmY",1,0],[1,1.9732389056059674e-9,0.11913514882326126,-2.084243888589299e-11],[3,-0.0005527358210240716,0.000014614251237330086,0.019595084915175535,0.9998078449965787],[1,-0.06340821012290593,0.002917718983056647,2.2455737799618842]],[8,"hand_l",2,[-14,-15],[0,"96AqyMBW1DKpFoSdopx5dO",1,0],[1,4.284083843231201e-8,0.19866184890270233,4.330649971961975e-8],[3,-0.1913259893245287,-0.5592927844419798,0.019054326859227904,0.8063639871100823],[1,-17.232663223271103,-67.33283971812196,14.166701685863258]],[8,"hand_r",2,[-16,-17],[0,"d7l8Y4ZwNIjINtyDlpx+Xj",1,0],[1,-2.0489096641540527e-8,0.19866184890270233,3.259629011154175e-8],[3,-0.1913251247384335,0.5592929027194505,-0.019054548482251094,0.8063641049759169],[1,-17.23256153789166,67.33286123332685,-14.166668597063124]],[36,"Stickman_heads_sphere",2,2,[[46,0,-18,[9,"f8y12LS8FNIrlFOVyDMmcz"],[0],[47],2,1,2]],[0,"26W8a4Hd5ILK/coDXpmJ63",1,0],[3,6.123234262925839e-17,1,6.123234262925839e-17,3.7493993930529855e-33],[1,-7.0167096047110005e-15,-180,7.0167096047110005e-15]],[13,"Skelet.c",2,2,[-19],[0,"9bvB5R8DtLkrT5KRtnXq9k",1,0],[3,-0.7071067215818986,3.090861663997002e-8,-3.09086237453975e-8,0.7071068407911901],[1,-89.9999903406537,-1.5351845413740977e-13,-0.000005008956312487746]],[13,"root",2,8,[3],[0,"443Xzf/TFO2oQd2qPc3cWv",1,0],[3,0.7071068407896928,-0.000001455469739434805,-0.000001455469398374286,0.7071067215804012],[1,90.00000965934632,-7.753346216819752e-12,-0.00023586894010005214]],[1,"spine_01",2,3,[-20],[0,"94lW4BVVdM8JVxESCSJhux",1,0],[1,-0.004331294912844896,0.07350046932697296,1.3029043399725992e-9],[3,1.0946637331541135e-8,-1.051213512125179e-8,0.04456724581582408,0.9990063866664676],[1,0.0000013120437142162198,-0.0000012643323844857656,5.108722323184987]],[1,"spine_02",2,10,[4],[0,"25MvtNrfNIkKWkLFDj6QIz",1,0],[1,0.019369743764400482,0.13551770150661469,-5.630812260903895e-9],[3,-3.3986080420356614e-8,-1.8928189179573522e-8,-0.07922262859740593,0.9968569481716602],[1,-0.000004105647938027835,-0.000002502135270211383,-9.087767625861655]],[1,"clavicle_l",2,4,[-21],[0,"72b8TAljlIkKHEy37QGSmj",1,0],[1,-0.015249783173203468,0.31068751215934753,0.01920408010482788],[3,0.7585752595210817,0.1284185795083252,-0.14661160089817354,0.6217533936872901],[1,101.17918472442217,22.466995717382073,0.7172354816536206]],[1,"upperarm_l",2,12,[-22],[0,"1fMmV62lBMUpWJTQ4QLVLs",1,0],[1,2.7939677238464355e-9,0.1396692395210266,-6.51925802230835e-9],[3,0.21380619586668112,0.059386342435993084,0.1648129066665299,0.9610394782407343],[1,24.615091314252783,2.6637595113666532,20.009610369179782]],[1,"lowerarm_l",2,13,[5],[0,"e2x77on5pP+ZmVUSzdaywS",1,0],[1,3.725290298461914e-9,0.26387739181518555,1.5087425708770752e-7],[3,0.08541884987519217,-0.10010077023140458,0.2310170373923381,0.9640096391216978],[1,13.49933867152886,-14.907122727126435,25.35999584338928]],[4,"index_01_l",2,5,[[3,"index_02_l",2,-23,[0,"0bPlcpdwlJWI/IuED1xcik",1,0],[1,3.166496753692627e-8,0.05361089110374451,4.842877388000488e-8],[3,0.10384132745600216,0.01118666775302738,-0.25023230988668327,0.9625360399826771],[1,13.542216467723723,4.804474864852943,-28.645697258656362]]],[0,"45f9kXYp1JpIBo4eXYJhWu",1,0],[1,0.012653877027332783,0.062184080481529236,-0.004037775099277496],[3,0.05375861150786414,0.18280420206457337,-0.109233643117032,0.9755822090463017],[1,8.488907336687232,22.05652890382414,-11.155837825617352]],[4,"thumb_01_l",2,5,[[3,"thumb_02_l",2,-24,[0,"f3HNN4cYdPk5GyorLoV64M",1,0],[1,-5.587935447692871e-7,0.028589412569999695,-2.7939677238464355e-8],[3,0.1221369380461655,0.14330084909884125,-0.16966328365820074,0.9673478201715117],[1,17.33903761962359,19.471756928808784,-17.052159565010502]]],[0,"e2iCwMx8NOS7ZScqe8JepD",1,0],[1,0.013693361543118954,0.03710309788584709,0.053495854139328],[3,0.48533847647419237,0.5553387371377874,0.10012528987449876,0.6678475698956049],[1,46.54524462239025,60.60344930383616,42.28287185663701]],[1,"clavicle_r",2,4,[-25],[0,"854wcHBFZPqbKIlEIHa7yF",1,0],[1,-0.015247837640345097,0.3107299506664276,-0.019225364550948143],[3,-0.1467915644126778,-0.6225846493548879,0.7578804594901887,-0.12828795784433644],[1,101.06217958612535,157.52581149194737,-0.6688588236483445]],[1,"upperarm_r",2,17,[-26],[0,"9eD+qUjqlNk49Y4lXTktER",1,0],[1,-5.587935447692871e-9,0.13966920971870422,6.05359673500061e-9],[3,0.21380619643428858,-0.059386297890167035,-0.16481290710407118,0.9610394807920785],[1,24.61509226596958,-2.6637542626492836,-20.009609314348115]],[1,"lowerarm_r",2,18,[6],[0,"13Y7TOWdxBx76Lz5Ra3iGt",1,0],[1,-1.862645149230957e-9,0.2638774812221527,-1.1641532182693481e-9],[3,0.08541834503337176,0.10010085429444764,-0.23101635680074403,0.9640098382235488],[1,13.499262890161257,14.90710397472364,-25.359923973239773]],[4,"index_01_r",2,6,[[3,"index_02_r",2,-27,[0,"9ax1ewaKdEp5+ogIMxBwiK",1,0],[1,-1.4901161193847656e-8,0.053610909730196,-4.842877388000488e-8],[3,0.1038411940374416,-0.01118685502340313,0.25023210293771453,0.9625361060006699],[1,13.542202676787952,-4.804490187762133,28.645671061681373]]],[0,"6dWfvSl4NNxYX16EX35RYB",1,0],[1,-0.012653809040784836,0.06218409910798073,-0.004037774167954922],[3,0.05375876595353191,-0.18280416540513766,0.10923342295276645,0.9755822320561739],[1,8.488919230469095,-22.056523335206258,11.155809964799012]],[4,"thumb_01_r",2,6,[[3,"thumb_02_r",2,-28,[0,"cep+vN9f9FeadqTjBi5TXU",1,0],[1,6.034970283508301e-7,0.02858944982290268,-2.7939677238464355e-8],[3,0.12213705151709808,-0.1433010509823956,0.1696632905880798,0.9673477747226565],[1,17.33905464996592,-19.47178293880197,17.05215453980309]]],[0,"b51vrq5SBMzKRgUCSnz7DN",1,0],[1,-0.013693323358893394,0.03710305690765381,0.0534958653151989],[3,0.4853378864523561,-0.5553386248220414,-0.10012553698653778,0.6678480550229081],[1,46.545155475613214,-60.60344930047373,-42.282845747655394]],[4,"neck_01",2,4,[[3,"head",2,-29,[0,"f96r8aIqRLtL9JSV1M/GvE",1,0],[1,0.0018450785428285599,0.07722138613462448,-3.212807797581263e-11],[3,1.307798659220679e-8,1.7502537594571004e-7,-0.07571666629030933,0.9971293729731621],[1,0.000003047877995634063,0.000020345610519282447,-8.684802702391597]]],[0,"a8wt7QVfVND5zjuNZJ+l11",1,0],[1,-0.00002404675069556106,0.33257636427879333,0.00001432070985174505],[3,0.0005479554532572181,-0.00007392619595385615,0.08818183099526028,0.9961042410119848],[1,0.06429337426889734,-0.014196126356094081,10.11802924153785]],[1,"thigh_l",2,3,[-30],[0,"a9o39RrAFIs78Qwj7Z/2AI",1,0],[1,-0.0019309008494019508,0.060946110635995865,0.10094382613897324],[3,0.9891818493566049,-0.10959382058002042,-0.06462320510132841,0.07302263181064483],[1,172.31252245684405,6.593244657754153,-13.0766493723749]],[4,"calf_l",2,23,[[3,"foot_l",2,-31,[0,"a5dUkMVtVN7I+cRQgA4EmK",1,0],[1,0.00006084551569074392,0.29228517413139343,-0.00028398275026120245],[3,0.7823355397381153,-0.6219819346706755,-0.03257073917585142,0.005359398803419615],[1,-171.91605627859073,11.178270494156601,-76.79181311103764]]],[0,"44h0KjJWdAaY9qROzknIU/",1,0],[1,9.313225746154785e-9,0.3119881749153137,-2.7939677238464355e-9],[3,0.03465793283187069,0.052570458522714136,-0.22374995061810693,0.9726104740238654],[1,5.7861597045155095,7.50175547328921,-25.569087461636848]],[33,"thigh_r",2,3,[-32],[0,"1fUwQXO0NJXY73PccQuXMh",1,0],[1,-0.0019309690687805414,0.06094609573483467,-0.1016499325633049],[3,-0.06462356335475432,-0.07302261761635526,0.9891816205134767,0.10959568428602379],[1,0.9999980330467224,0.9999997615814209,0.9999986886978149],[1,172.31253826482302,173.40672523557967,13.076866270297616]],[4,"calf_r",2,25,[[3,"foot_r",2,-33,[0,"923VplIMhMx4jE1p9Mrc84",1,0],[1,-0.00006084900815039873,0.29228517413139343,-0.00028399628354236484],[3,0.7823184547213856,0.6223313664131324,0.0256584932665719,-0.0048111853005443185],[1,-170.0674035966481,-11.633198291641099,76.77413772639794]]],[0,"bcgJw3TtRDXKfb7seKqfmo",1,0],[1,-1.862645149230957e-8,0.31198829412460327,-8.381903171539307e-9],[3,0.03465776453059902,-0.05257035320860371,0.22375267324889345,0.9726098593656338],[1,5.786166889643856,-7.501765667782016,25.56940796807284]]],0,[0,3,1,0,0,1,0,0,1,0,-1,2,0,0,2,0,-1,7,0,-2,8,0,-1,10,0,-2,23,0,-3,25,0,-1,12,0,-2,17,0,-3,22,0,-1,15,0,-2,16,0,-1,20,0,-2,21,0,0,7,0,-1,9,0,-1,11,0,-1,13,0,-1,14,0,1,15,0,1,16,0,-1,18,0,-1,19,0,1,20,0,1,21,0,1,22,0,-1,24,0,1,24,0,-1,26,0,1,26,0,11,1,3,1,9,4,1,11,5,1,14,6,1,19,33],[0,0,0,0,0],[-1,12,13,14,15],[4,5,6,7,8]],[[{"base":"2,2,0,0,2,0","rgbe":true,"mipmaps":[{"front":"d032ac98-05e1-4090-88bb-eb640dcb5fc1@b47c0@e9a6d","back":"d032ac98-05e1-4090-88bb-eb640dcb5fc1@b47c0@40c10","left":"d032ac98-05e1-4090-88bb-eb640dcb5fc1@b47c0@8fd34","right":"d032ac98-05e1-4090-88bb-eb640dcb5fc1@b47c0@74afd","top":"d032ac98-05e1-4090-88bb-eb640dcb5fc1@b47c0@bb97f","bottom":"d032ac98-05e1-4090-88bb-eb640dcb5fc1@b47c0@7d38f"}]}],[4],0,[],[],[]],[[{"fmt":"0","w":0,"h":0},-1],[0],0,[],[],[]],[[{"fmt":"0","w":0,"h":0},-1],[0],0,[],[],[]],[[{"fmt":"0","w":0,"h":0},-1],[0],0,[],[],[]],[[{"fmt":"0","w":0,"h":0},-1],[0],0,[],[],[]],[[{"fmt":"0","w":0,"h":0},-1],[0],0,[],[],[]],[[{"fmt":"0","w":0,"h":0},-1],[0],0,[],[],[]],[[[48,"main"],[49,"main",[[-3,-4,-5,-6,-7,[40,"MapManager","caMzImHBNIe7reo9om72jG",[null],-8],[34,"GameManager","5adXaEaetF1K1faVaBsvXx",-9]],1,1,1,1,1,4,4],[44,"d506a06e-74ac-4f95-8031-3d36a5f6ce2c",[-1,-2]],[50,[51,0.5208,[2,1,1,1,0.520833125],[2,1,1,1,1],[2,0.519964,0.630786,0.905039,0.5208],[2,0.519544,0.630484,0.905069,0]],[52,true,1,[4,4283190348]],[53,true,2,3],[54],[55]]],[37,"Canvas",33554432,"e84+tpszpOp4mMCSQRbOmf",1,[-16,-17],[[17,-10,[5,750,1334]],[56,-12,-11],[57,45,5.684341886080802e-14,5.684341886080802e-14,-1.1368683772161603e-13,-1.1368683772161603e-13,-13],[59,-14],[60,-15]],[1,375.00000000000006,666.9999999999999,0]],[2,["c46/YsCPVOJYA4mWEpNYRx"]],[14,0,{},1,[16,"798l8wdO9On5EuqNRUB9Oo",-20,[61,"f4zWTlKkBF0b5DUGZ2o3AT",null,[[63,"player",["_name"],[2,["798l8wdO9On5EuqNRUB9Oo"]]],[7,["_lpos"],[2,["798l8wdO9On5EuqNRUB9Oo"]],[1,1,0,1]],[7,["_lscale"],[2,["798l8wdO9On5EuqNRUB9Oo"]],[1,1,1,1]],[7,["_lrot"],[2,["798l8wdO9On5EuqNRUB9Oo"]],[3,0,0,0,1]],[7,["_euler"],[2,["798l8wdO9On5EuqNRUB9Oo"]],[1,0,0,0]],[7,["_lscale"],[2,["1aiRiLpVJOrZC4vIYGwKlb"]],[1,0.5,0.5,0.5]],[5,["_size"],-18,[1,0.2,0.9,0.5]],[5,["_center"],-19,[1,0,0.45,0]]]],0]],[38,"Screen",33554432,2,[-23],[[17,-21,[5,750,1334]],[58,45,100,100,-22]]],[15,"3D-Camera","c9DMICJLFO5IeO07EPon7U",1,[[64,1,6,1073741887,-24,[4,4294617600]],[19,-25,4,[1,-8,7,0]]],[1,-8,7,0],[3,-0.24184476264797528,-0.6644630243886747,-0.24184476264797522,0.6644630243886748],[1,-40,-90,0]],[15,"3D-UI-Camera","46CJE/4qhKj4/bwrCdj6Qi",1,[[65,8388608,-26,[4,4294617600]],[19,-27,4,[1,-8,7,0]]],[1,-8,7,0],[3,-0.24184476264797528,-0.6644630243886747,-0.24184476264797522,0.6644630243886748],[1,-40,-90,0]],[14,0,{},5,[16,"c46/YsCPVOJYA4mWEpNYRx",-28,[62,"6eCUSdGmVNNbhW8RhS+TtQ",[[18,"StartScreen",["_name"],3],[5,["_lpos"],3,[1,0,0,0]],[5,["_lscale"],3,[1,1,1,1]],[5,["_lrot"],3,[3,0,0,0,1]],[5,["_euler"],3,[1,0,0,0]],[18,false,["_active"],3]]],1]],[39,"Main Light","c0y6F5f+pAvI805TdmxIjx",1,[[67,true,-29,[68]]],[3,-0.8005972817813567,-0.1453229557254247,-0.33176781330654553,0.4773419623260901],[1,-120.254,-42.248,-4.821]],[2,["32HpQU3RVL+IqFTLiv8alW"]],[41,"Camera",2,[-30],[1,0,0,1000]],[66,0,1073741824,667,2000,6,41943040,11,[4,4278190080]]],0,[0,-1,4,0,-2,8,0,-1,9,0,-2,6,0,-3,7,0,-4,4,0,-5,2,0,1,1,0,1,1,0,0,2,0,16,12,0,0,2,0,0,2,0,0,2,0,0,2,0,-1,11,0,-2,5,0,4,10,0,4,10,0,3,4,0,0,5,0,0,5,0,-1,8,0,0,6,0,0,6,0,0,7,0,0,7,0,3,8,0,0,9,0,-1,12,0,17,1,30],[0,0,0,0],[5,5,18,19],[9,10,11,12]],[[[69,"StickMan",[{},{},{}],[{"rasterizerState":{},"depthStencilState":{},"blendState":{"targets":[{}]}},{"rasterizerState":{},"depthStencilState":{},"blendState":{"targets":[{}]}},{"rasterizerState":{},"depthStencilState":{},"blendState":{"targets":[{}]}}],[{"USE_BATCHING":true},{},{}]]],0,0,[0],[20],[13]]]]
