[1,0,0,[["cc.Skeleton",["_name","_hash","_joints","_bindposes"],0,12]],[[0,0,1,2,3,4]],[[0,"Skin-0",3551656909,["Bone_pos_Arm/Bone_L_Clavine/Bone_L_UpArm/Bone_L_ForeArm/Bone_L_Hand","Bone_pos_Arm/Bone_L_Clavine/Bone_L_UpArm/Bone_L_ForeArm/Bone_L_Hand/Bone_L_Finger0","Bone_pos_Arm/Bone_L_Clavine/Bone_L_UpArm/Bone_L_ForeArm/Bone_L_Hand/Bone_L_Finger1","Bone_pos_Arm/Bone_L_Clavine/Bone_L_UpArm/Bone_L_ForeArm/Bone_L_Hand/Bone_L_Finger0/Bone_L_Finger01","Bone_pos_Arm/Bone_L_Clavine/Bone_L_UpArm/Bone_L_ForeArm/Bone_L_Hand/Bone_L_Finger3","Bone_pos_Arm/Bone_L_Clavine/Bone_L_UpArm/Bone_L_ForeArm","Bone_pos_Arm/Bone_L_Clavine","Bone_pos_Arm/Bone_L_Clavine/Bone_L_UpArm","Bone_pos_Arm/Bone_L_Clavine/Bone_L_UpArm/Bone_L_ForeArm/Bone_L_Hand/Bone_L_Finger2","Bone_pos_Arm/Bone_L_Clavine/Bone_L_UpArm/Bone_L_ForeArm/Bone_L_Hand/Bone_L_Finger1/Bone_L_Finger11","Bone_pos_Arm/Bone_L_Clavine/Bone_L_UpArm/Bone_L_ForeArm/Bone_L_Hand/Bone_L_Finger2/Bone_L_Finger21","Bone_pos_Arm/Bone_L_Clavine/Bone_L_UpArm/Bone_L_ForeArm/Bone_L_Hand/Bone_L_Finger3/Bone_L_Finger31","Bone_pos_Arm/Bone_R_Clavine/Bone_R_UpArm/Bone_R_ForeArm/Bone_R_Hand","Bone_pos_Arm/Bone_R_Clavine/Bone_R_UpArm/Bone_R_ForeArm/Bone_R_Hand/Bone_R_Finger0","Bone_pos_Arm/Bone_R_Clavine/Bone_R_UpArm/Bone_R_ForeArm/Bone_R_Hand/Bone_R_Finger1","Bone_pos_Arm/Bone_R_Clavine/Bone_R_UpArm/Bone_R_ForeArm/Bone_R_Hand/Bone_R_Finger0/Bone_R_Finger01","Bone_pos_Arm/Bone_R_Clavine/Bone_R_UpArm/Bone_R_ForeArm/Bone_R_Hand/Bone_R_Finger3","Bone_pos_Arm/Bone_R_Clavine/Bone_R_UpArm/Bone_R_ForeArm","Bone_pos_Arm/Bone_R_Clavine","Bone_pos_Arm/Bone_R_Clavine/Bone_R_UpArm","Bone_pos_Arm/Bone_R_Clavine/Bone_R_UpArm/Bone_R_ForeArm/Bone_R_Hand/Bone_R_Finger2","Bone_pos_Arm/Bone_R_Clavine/Bone_R_UpArm/Bone_R_ForeArm/Bone_R_Hand/Bone_R_Finger1/Bone_R_Finger11","Bone_pos_Arm/Bone_R_Clavine/Bone_R_UpArm/Bone_R_ForeArm/Bone_R_Hand/Bone_R_Finger2/Bone_R_Finger21","Bone_pos_Arm/Bone_R_Clavine/Bone_R_UpArm/Bone_R_ForeArm/Bone_R_Hand/Bone_R_Finger3/Bone_R_Finger31"],[[[7,0.7837316393852234,-0.0000023882166715338826,-0.6210996508598328,0,-0.000002352986257392331,-1.0000001192092896,8.760376317695773e-7,0,-0.621099591255188,7.748605526103347e-7,-0.7837316989898682,0,-0.4034300744533539,-0.0006567242671735585,0.6979514360427856,1],[7,0.1408853977918625,-0.9657343029975891,-0.21796467900276184,0,-0.6351971626281738,-0.2570461928844452,0.7283211946487427,0,-0.7593916058540344,0.03584073856472969,-0.6496458649635315,0,-0.022791538387537003,0.7223978638648987,0.40558186173439026,1],[7,0.4638226330280304,-0.33335253596305847,-0.8208195567131042,0,-0.2805614471435547,-0.9340905547142029,0.22081685066223145,0,-0.8403297662734985,0.12787044048309326,-0.5267781615257263,0,-0.24620191752910614,0.18746964633464813,0.8677189946174622,1],[7,0.1408872902393341,-0.9657342433929443,-0.21796387434005737,0,-0.6351969242095947,-0.2570468485355377,0.7283211350440979,0,-0.7593914866447449,0.03583879768848419,-0.6496460437774658,0,-0.08560974150896072,0.7223978638648987,0.4055812656879425,1],[7,0.560630202293396,0.3142397701740265,-0.766124963760376,0,0.20740100741386414,-0.9489942193031311,-0.23747625946998596,0,-0.8016725182533264,-0.025758717209100723,-0.5972084403038025,0,-0.3377194106578827,-0.18680456280708313,0.8289961218833923,1],[7,0.8105387687683105,0.2213876098394394,-0.5422307848930359,0,-0.10323075950145721,-0.85731041431427,-0.5043433904647827,0,-0.5765153765678406,0.4647647738456726,-0.6720294952392578,0,-0.34001782536506653,-0.3043070137500763,0.605380654335022,1],[7,0.9978178143501282,-0.0000018676025774766458,-0.06602795422077179,0,-0.000001920289378176676,-1,-7.344825689870049e-7,0,-0.06602795422077179,8.596725820098072e-7,-0.9978177547454834,0,-0.4070209264755249,-0.0006569204851984978,0.47339487075805664,1],[7,0.8146623969078064,0.32844650745391846,-0.4779624044895172,0,0.053766410797834396,-0.8633905649185181,-0.501663088798523,0,-0.5774377584457397,0.38298776745796204,-0.7210311889648438,0,-0.15809305012226105,-0.34730568528175354,0.5794782042503357,1],[7,0.5421791672706604,-0.01373499445617199,-0.8401506543159485,0,0.0006992168491706252,-0.9998587369918823,0.01679716818034649,0,-0.8402627110481262,-0.009694521315395832,-0.5420928597450256,0,-0.30938419699668884,0.01702057011425495,0.8814273476600647,1],[7,0.4638226330280304,-0.3333483040332794,-0.8208209872245789,0,-0.2805589735507965,-0.9340921640396118,0.22081342339515686,0,-0.8403304815292358,0.12787048518657684,-0.5267767310142517,0,-0.3323379158973694,0.18746547400951385,0.8677190542221069,1],[7,0.542180597782135,-0.01373592671006918,-0.8401495218276978,0,0.0006991902482695878,-0.9998587965965271,0.01679827831685543,0,-0.8402615785598755,-0.009695129469037056,-0.5420942902565002,0,-0.3926086127758026,0.017021548002958298,0.8814263939857483,1],[7,0.5606328248977661,0.3142404854297638,-0.7661225199699402,0,0.2074001133441925,-0.9489937424659729,-0.23747776448726654,0,-0.8016706705093384,-0.025756049901247025,-0.5972108244895935,0,-0.42175590991973877,-0.18679648637771606,0.8289893269538879,1],[7,-0.7837325930595398,-0.0000017283139186474727,0.6210986375808716,0,0.000004661272214434575,0.9999997615814209,0.000008664491360832471,0,-0.6210987567901611,0.000009685749319032766,-0.7837324142456055,0,-0.4034317135810852,0.0006539334426634014,0.6979509592056274,1],[7,-0.1408851146697998,-0.9657346606254578,0.2179637849330902,0,-0.6351876854896545,0.2570458650588989,0.7283292412757874,0,-0.7593989372253418,-0.03583718463778496,-0.64963698387146,0,-0.02278933860361576,-0.7223997712135315,0.4055784344673157,1],[7,-0.4638209640979767,-0.3333532512187958,0.8208202719688416,0,-0.28055182099342346,0.9340916872024536,0.2208239585161209,0,-0.8403335213661194,-0.12785981595516205,-0.5267744064331055,0,-0.2462000548839569,-0.18747389316558838,0.8677189350128174,1],[7,-0.14088520407676697,-0.9657349586486816,0.21796183288097382,0,-0.6351879835128784,0.25704437494277954,0.7283295392990112,0,-0.7593986392021179,-0.035835910588502884,-0.6496374607086182,0,-0.08560614287853241,-0.722400426864624,0.40557700395584106,1],[7,-0.5606301426887512,0.314240425825119,0.7661245465278625,0,0.2074098140001297,0.948993444442749,-0.2374705672264099,0,-0.8016701340675354,0.02576858550310135,-0.5972110033035278,0,-0.33772093057632446,0.1868022084236145,0.8289968371391296,1],[7,-0.8105384707450867,0.22138358652591705,0.5422335267066956,0,-0.10323235392570496,0.8573134541511536,-0.5043378472328186,0,-0.5765164494514465,-0.46476107835769653,-0.6720314025878906,0,-0.3400178849697113,0.3043026626110077,0.6053833365440369,1],[7,-0.9978178143501282,-0.0000016959349977696547,0.06602822989225388,0,-0.0000017540013459438342,0.9999997615814209,-8.214383342419751e-7,0,-0.06602824479341507,-9.354592407362361e-7,-0.9978176355361938,0,-0.40702158212661743,0.000657029275316745,0.47339510917663574,1],[7,-0.8146610260009766,0.32844576239585876,0.47796526551246643,0,0.053768340498209,0.8633931875228882,-0.5016578435897827,0,-0.5774396657943726,-0.3829815685749054,-0.7210329174995422,0,-0.15809208154678345,0.34730270504951477,0.5794808268547058,1],[7,-0.54217928647995,-0.01373499259352684,0.8401507139205933,0,0.0007084349053911865,0.9998578429222107,0.016803132370114326,0,-0.8402624726295471,0.009705494157969952,-0.54209303855896,0,-0.3093850314617157,-0.017024066299200058,0.8814274668693542,1],[7,-0.4638161063194275,-0.33335110545158386,0.8208238482475281,0,-0.2805503308773041,0.9340922832489014,0.220823273062706,0,-0.8403367400169373,-0.12786100804805756,-0.5267690420150757,0,-0.33233118057250977,-0.18747156858444214,0.8677207231521606,1],[7,-0.5421797633171082,-0.013736193999648094,0.8401504158973694,0,0.0007085159886628389,0.9998577833175659,0.01680462248623371,0,-0.840262234210968,0.009706377051770687,-0.5420934557914734,0,-0.3926084339618683,-0.017025325447320938,0.8814271688461304,1],[7,-0.56062912940979,0.3142421543598175,0.7661246061325073,0,0.20740951597690582,0.948992908000946,-0.23747298121452332,0,-0.801671028137207,0.025767263025045395,-0.5972099304199219,0,-0.42175358533859253,0.18679487705230713,0.8289918899536133,1]],8,8,8,8,8,8,8,8,8,8,8,8,8,8,8,8,8,8,8,8,8,8,8,8]]],0,0,[],[],[]]
