[1,0,0,[["cc.Skeleton",["_name","_hash","_joints","_bindposes"],0,12]],[[0,0,1,2,3,4]],[[0,"Bone_pos_Tail",1338660073,["Bone_pos_Tail/Bone_Tail_01","Bone_pos_Tail/Bone_Tail_01/Bone_Tail_02","Bone_pos_Tail/Bone_Tail_01/Bone_Tail_02/Bone_Tail_03"],[[[7,0.000001603326268195815,-1.0000001192092896,-0.0000015484741879845387,0,-0.37460657954216003,-0.0000020363368093967438,0.9271838665008545,0,-0.9271838665008545,-9.065096833182906e-7,-0.37460657954216003,0,-0.3465719223022461,2.575413304839458e-7,-0.5079647898674011,1],[7,0.0000017861759715742664,-1,-0.000004428355168784037,0,-0.3746066093444824,-0.000004775012712343596,0.9271838068962097,0,-0.9271838068962097,2.7777105060522445e-9,-0.3746066093444824,0,-0.5580189228057861,0.0000017673984302746248,-0.5079650282859802,1],[7,0.0000017861767673821305,-1.000000238418579,-0.000004451211225386942,0,-0.37460681796073914,-0.000004796204848389607,0.9271837472915649,0,-0.9271837472915649,1.133969451672101e-8,-0.37460681796073914,0,-0.8839951753616333,0.0000017194040538015543,-0.5079652667045593,1]],8,8,8]]],0,0,[],[],[]]
