[1,0,0,[["cc.Skeleton",["_name","_hash","_joints","_bindposes"],0,12]],[[0,0,1,2,3,4]],[[0,"Bone_pos_Arm",1013437019,["Bone_pos_Arm/Bone_L_Clavine","Bone_pos_Arm/Bone_L_Clavine/Bone_L_UpArm","Bone_pos_Arm/Bone_L_Clavine/Bone_L_UpArm/Bone_L_ForeArm","Bone_pos_Arm/Bone_L_Clavine/Bone_L_UpArm/Bone_L_ForeArm/Bone_L_Hand","Bone_pos_Arm/Bone_L_Clavine/Bone_L_UpArm/Bone_L_ForeArm/Bone_L_Hand/Bone_L_Finger3","Bone_pos_Arm/Bone_L_Clavine/Bone_L_UpArm/Bone_L_ForeArm/Bone_L_Hand/Bone_L_Finger3/Bone_L_Finger31","Bone_pos_Arm/Bone_L_Clavine/Bone_L_UpArm/Bone_L_ForeArm/Bone_L_Hand/Bone_L_Finger2","Bone_pos_Arm/Bone_L_Clavine/Bone_L_UpArm/Bone_L_ForeArm/Bone_L_Hand/Bone_L_Finger2/Bone_L_Finger21","Bone_pos_Arm/Bone_L_Clavine/Bone_L_UpArm/Bone_L_ForeArm/Bone_L_Hand/Bone_L_Finger0","Bone_pos_Arm/Bone_L_Clavine/Bone_L_UpArm/Bone_L_ForeArm/Bone_L_Hand/Bone_L_Finger0/Bone_L_Finger01","Bone_pos_Arm/Bone_L_Clavine/Bone_L_UpArm/Bone_L_ForeArm/Bone_L_Hand/Bone_L_Finger1","Bone_pos_Arm/Bone_L_Clavine/Bone_L_UpArm/Bone_L_ForeArm/Bone_L_Hand/Bone_L_Finger1/Bone_L_Finger11","Bone_pos_Arm/Bone_R_Clavine","Bone_pos_Arm/Bone_R_Clavine/Bone_R_UpArm","Bone_pos_Arm/Bone_R_Clavine/Bone_R_UpArm/Bone_R_ForeArm","Bone_pos_Arm/Bone_R_Clavine/Bone_R_UpArm/Bone_R_ForeArm/Bone_R_Hand","Bone_pos_Arm/Bone_R_Clavine/Bone_R_UpArm/Bone_R_ForeArm/Bone_R_Hand/Bone_R_Finger3","Bone_pos_Arm/Bone_R_Clavine/Bone_R_UpArm/Bone_R_ForeArm/Bone_R_Hand/Bone_R_Finger3/Bone_R_Finger31","Bone_pos_Arm/Bone_R_Clavine/Bone_R_UpArm/Bone_R_ForeArm/Bone_R_Hand/Bone_R_Finger1","Bone_pos_Arm/Bone_R_Clavine/Bone_R_UpArm/Bone_R_ForeArm/Bone_R_Hand/Bone_R_Finger1/Bone_R_Finger11","Bone_pos_Arm/Bone_R_Clavine/Bone_R_UpArm/Bone_R_ForeArm/Bone_R_Hand/Bone_R_Finger2","Bone_pos_Arm/Bone_R_Clavine/Bone_R_UpArm/Bone_R_ForeArm/Bone_R_Hand/Bone_R_Finger2/Bone_R_Finger21","Bone_pos_Arm/Bone_R_Clavine/Bone_R_UpArm/Bone_R_ForeArm/Bone_R_Hand/Bone_R_Finger0","Bone_pos_Arm/Bone_R_Clavine/Bone_R_UpArm/Bone_R_ForeArm/Bone_R_Hand/Bone_R_Finger0/Bone_R_Finger01"],[[[7,0.9992642402648926,0.000007481586180801969,0.03835288807749748,0,-0.03835289552807808,0.000010901109817496035,0.9992644786834717,0,0.000007057993116177386,-0.9999998807907104,0.000011180024557688739,0,-0.4194953739643097,0.0006483864272013307,-0.47465094923973083,1],[7,0.693594217300415,0.01498435065150261,0.7202098965644836,0,-0.7202157378196716,-0.005994781386107206,0.693724513053894,0,0.014712510630488396,-0.9998695850372314,0.006634015589952469,0,-0.07305392622947693,-0.005253311712294817,-0.7287545204162598,1],[7,0.7092129588127136,0.010061775334179401,0.7049224376678467,0,-0.7049501538276672,-0.0010925015667453408,0.7092563509941101,0,0.007906506769359112,-0.9999487400054932,0.006318229716271162,0,-0.08911018818616867,-0.004639009479433298,-0.7269858717918396,1],[7,0.695275068283081,0.01092797052115202,0.7186605930328369,0,-0.7186868190765381,-0.002037003403529525,0.6953312158584595,0,0.00906247366219759,-0.9999381303787231,0.006437509320676327,0,-0.3330416977405548,-0.005040646996349096,-0.733614981174469,1],[7,0.43532705307006836,-0.8781352043151855,0.19841502606868744,0,-0.8893910646438599,-0.38532719016075134,0.2459813356399536,0,-0.139550119638443,-0.28355082869529724,-0.9487488269805908,0,-0.18027181923389435,0.958385169506073,-0.20748834311962128,1],[7,0.4353269934654236,-0.8781286478042603,0.19844453036785126,0,-0.8893918991088867,-0.3853205442428589,0.24598877131938934,0,-0.13954496383666992,-0.2835804224014282,-0.9487407803535461,0,-0.26430585980415344,0.9583879113197327,-0.20752453804016113,1],[7,0.5827832818031311,-0.3395821750164032,-0.7382729649543762,0,-0.627352774143219,0.3894474506378174,-0.6743584871292114,0,0.516517698764801,0.8561622500419617,0.013925759121775627,0,-0.34202662110328674,0.34238070249557495,0.7545619010925293,1],[7,0.5827826261520386,-0.33959388732910156,-0.7382680773735046,0,-0.6273531913757324,0.38943713903427124,-0.6743640899658203,0,0.5165179967880249,0.8561622500419617,0.0139120202511549,0,-0.41234004497528076,0.3423926532268524,0.7545568346977234,1],[7,0.7009193897247314,-0.014917302876710892,-0.7185803055763245,0,-0.7251216173171997,0.005924621596932411,-0.6954233050346375,0,0.014802655205130577,0.9998714923858643,-0.006598594132810831,0,-0.4752342402935028,0.00522714713588357,0.7283879518508911,1],[7,0.7009199857711792,-0.014926793985068798,-0.7185794115066528,0,-0.725121021270752,0.00591488741338253,-0.6954240798950195,0,0.014802269637584686,0.9998713731765747,-0.006612168624997139,0,-0.5327447056770325,0.005234023556113243,0.728358805179596,1],[7,0.8219791054725647,0.38654211163520813,0.41825300455093384,0,-0.5324152112007141,0.7822855114936829,0.32336369156837463,0,-0.20219948887825012,-0.48848241567611694,0.8488228917121887,0,-0.5740030407905579,-0.32944706082344055,-0.4127858877182007,1],[7,0.8219812512397766,0.3865375518798828,0.4182527959346771,0,-0.5324126482009888,0.7822839617729187,0.32337138056755066,0,-0.20219720900058746,-0.4884882867336273,0.8488199710845947,0,-0.6374440789222717,-0.3294430077075958,-0.41278597712516785,1],[7,-0.9992643594741821,0.0000010448685543451575,-0.03835223615169525,0,-0.03835224360227585,-0.00000544055774298613,0.9992645978927612,0,8.354417104783352e-7,1,0.000005476625574374339,0,-0.41910520195961,-0.00065380654996261,-0.47463616728782654,1],[7,-0.6936770677566528,0.014984100125730038,-0.720130443572998,0,-0.7201361060142517,0.0059946458786726,0.6938073039054871,0,0.014712998643517494,0.9998697638511658,0.0066322386264801025,0,-0.07286601513624191,0.005247253924608231,-0.7284640073776245,1],[7,-0.7091429829597473,0.010061818175017834,-0.7049930691719055,0,-0.7050207257270813,0.0010935580357909203,0.7091862559318542,0,0.007906651124358177,0.9999487400054932,0.00631829584017396,0,-0.088760145008564,0.004634488373994827,-0.7267186045646667,1],[7,-0.6949207782745361,0.010928142815828323,-0.7190033793449402,0,-0.7190294861793518,0.002038367325440049,0.6949769854545593,0,0.009060396812856197,0.9999381303787231,0.006441147532314062,0,-0.3324078619480133,0.005035772919654846,-0.733497679233551,1],[7,-0.43532854318618774,-0.8781347870826721,-0.1984151154756546,0,-0.8893906474113464,0.38532909750938416,0.2459804117679596,0,-0.13954871892929077,0.2835506498813629,-0.9487491250038147,0,-0.18010257184505463,-0.9580417275428772,-0.20741020143032074,1],[7,-0.43532833456993103,-0.8781282305717468,-0.19844433665275574,0,-0.8893915414810181,0.38532230257987976,0.2459878921508789,0,-0.13954377174377441,0.2835800349712372,-0.9487410187721252,0,-0.2641364336013794,-0.9580444097518921,-0.20744618773460388,1],[7,-0.8219800591468811,0.38654065132141113,-0.4182527959346771,0,-0.5324141383171082,-0.7822855710983276,0.32336553931236267,0,-0.2021990865468979,0.4884834587574005,0.8488225340843201,0,-0.5736819505691528,0.3292945623397827,-0.4126227796077728,1],[7,-0.8219828605651855,0.3865359127521515,-0.4182516038417816,0,-0.5324109792709351,-0.7822842597961426,0.3233739733695984,0,-0.20219586789608002,0.4884893596172333,0.84881991147995,0,-0.6371235847473145,0.3292901813983917,-0.4126220643520355,1],[7,-0.5827852487564087,-0.3395828902721405,0.7382720112800598,0,-0.6273518204689026,-0.3894483745098114,-0.6743595600128174,0,0.5165202617645264,-0.8561625480651855,0.013926750980317593,0,-0.341800332069397,-0.34224772453308105,0.7542726397514343,1],[7,-0.5827848315238953,-0.33959463238716125,0.7382669448852539,0,-0.6273521780967712,-0.3894377648830414,-0.6743653416633606,0,0.5165203213691711,-0.8561626672744751,0.013912907801568508,0,-0.4121142327785492,-0.34225982427597046,0.754267156124115,1],[7,-0.6955814361572266,-0.014945176430046558,0.7191268801689148,0,-0.7201372981071472,-0.005955650005489588,-0.6948493719100952,0,0.014693813398480415,-0.9998706579208374,-0.0066098314709961414,0,-0.4712525010108948,-0.005239313468337059,0.7284758687019348,1],[7,-0.6960216164588928,-0.014946278184652328,0.7187008857727051,0,-0.7197116613388062,-0.005954915191978216,-0.6952900886535645,0,0.014698095619678497,-0.9998706579208374,-0.006602137349545956,0,-0.5346421599388123,-0.005239906255155802,0.7281672358512878,1]],8,8,8,8,8,8,8,8,8,8,8,8,8,8,8,8,8,8,8,8,8,8,8,8]]],0,0,[],[],[]]
