[1,0,0,[["cc.Skeleton",["_name","_hash","_joints","_bindposes"],0,12]],[[0,0,1,2,3,4]],[[0,"Bone_pos_Back_Wings",3664455779,["Bone_pos_Back_Wings/Bone_L_Wing_01","Bone_pos_Back_Wings/Bone_L_Wing_01/Bone_L_Wing_02","Bone_pos_Back_Wings/Bone_L_Wing_01/Bone_L_Wing_02/Bone_L_Wing_03","Bone_pos_Back_Wings/Bone_R_Wing_01","Bone_pos_Back_Wings/Bone_R_Wing_01/Bone_R_Wing_02","Bone_pos_Back_Wings/Bone_R_Wing_01/Bone_R_Wing_02/Bone_R_Wing_03"],[[[7,0.43746238946914673,-0.8660257458686829,-0.2421281337738037,0,0.4842589795589447,0.0000013709068298339844,0.8749247789382935,0,-0.7577070593833923,-0.49999937415122986,0.41938138008117676,0,-0.7042467594146729,-0.05239483714103699,-0.34684568643569946,1],[7,0.43746232986450195,-0.8660250306129456,-0.2421303540468216,0,0.48425883054733276,-9.834765251071076e-7,0.8749247193336487,0,-0.7577070593833923,-0.5000004172325134,0.4193798899650574,0,-1.0294630527496338,-0.052393727004528046,-0.34684598445892334,1],[7,0.43746256828308105,-0.866024911403656,-0.2421303391456604,0,0.484258770942688,-9.089707191378693e-7,0.8749247193336487,0,-0.7577069997787476,-0.5000005960464478,0.4193798005580902,0,-1.301012635231018,-0.05239396542310715,-0.3468461334705353,1],[7,-0.43746232986450195,-0.8660250902175903,0.2421308010816574,0,0.48425883054733276,0.0000014007091522216797,0.8749247789382935,0,-0.7577072381973267,0.5000005960464478,0.41937968134880066,0,-0.7042468786239624,0.052392929792404175,-0.3468460440635681,1],[7,-0.43746206164360046,-0.8660259246826172,0.24212828278541565,0,0.484258770942688,-9.834766387939453e-7,0.8749247789382935,0,-0.7577073574066162,0.499999076128006,0.4193810820579529,0,-1.029463291168213,0.052393704652786255,-0.34684598445892334,1],[7,-0.4374622702598572,-0.8660257458686829,0.24212834239006042,0,0.484258770942688,-0.0000010132789611816406,0.8749247789382935,0,-0.7577072381973267,0.4999992549419403,0.4193810224533081,0,-1.3010127544403076,0.052393943071365356,-0.3468458354473114,1]],8,8,8,8,8,8]]],0,0,[],[],[]]
