[1,0,0,[["cc.Skeleton",["_name","_hash","_joints","_bindposes"],0,12]],[[0,0,1,2,3,4]],[[0,"Bone_pos_Tail",2917193070,["Bone_pos_Tail/Bone_Tail_01","Bone_pos_Tail/Bone_Tail_01/Bone_Tail_02","Bone_pos_Tail/Bone_Tail_01/Bone_Tail_02/Bone_Tail_03"],[[[7,0.000002136488546966575,-1.0000001192092896,-0.000001913424966915045,0,-0.3746069669723511,-0.0000025744398044480477,0.9271837472915649,0,-0.9271837472915649,-0.0000012641351077036234,-0.3746069669723511,0,-0.351338654756546,6.329512558522765e-8,-0.4961656332015991,1],[7,0.000002319338136658189,-1.0000001192092896,-0.000004793306288775057,0,-0.37460702657699585,-0.0000053131157073949,0.9271836876869202,0,-0.9271836876869202,-3.548464349023561e-7,-0.37460702657699585,0,-0.562785804271698,0.000001538300466563669,-0.496165931224823,1],[7,0.0000023193390461528907,-1.0000001192092896,-0.000004816162345377961,0,-0.3746072053909302,-0.000005334307843440911,0.9271835684776306,0,-0.9271835684776306,-3.462844517798658e-7,-0.3746072053909302,0,-0.8887618780136108,0.0000014900365385983605,-0.49616605043411255,1]],8,8,8]]],0,0,[],[],[]]
