[1,0,0,[["cc.Skeleton",["_name","_hash","_joints","_bindposes"],0,12]],[[0,0,1,2,3,4]],[[0,"Skin-0",4019358502,["Bone_pos_Leg/Bone_L_Thigh/Bone_L_Caft","Bone_pos_Leg/Bone_L_Thigh/Bone_L_Caft/Bone_L_Foot","Bone_pos_Leg/Bone_L_Thigh","Bone_pos_Leg/Bone_R_Thigh/Bone_R_Caft","Bone_pos_Leg/Bone_R_Thigh/Bone_R_Caft/Bone_R_Foot","Bone_pos_Leg/Bone_R_Thigh"],[[[7,0.11486901342868805,0.9932741522789001,0.014537207782268524,0,0.12599003314971924,-0.00005131278885528445,-0.9920312762260437,0,-0.9853590130805969,0.11578516662120819,-0.1251484751701355,0,0.07567748427391052,-0.18222837150096893,-0.00392024265602231,1],[7,-0.00034779298584908247,0.9999998807907104,-0.000017466900317231193,0,-0.9999997615814209,-0.0003477939171716571,-0.00005068770406069234,0,-0.00005069373219157569,0.000017449257939006202,1.0000005960464478,0,-0.00553977070376277,-0.1795072704553604,-0.033945050090551376,1],[7,0.112100750207901,0.993261992931366,-0.029389474540948868,0,-0.2533426582813263,-0.00003102187838521786,-0.9673764705657959,0,-0.9608598351478577,0.11588919907808304,0.25163206458091736,0,0.12174449861049652,-0.1822359561920166,-0.0318787507712841,1],[7,-0.18645578622817993,0.9823462963104248,-0.01517320703715086,0,0.06169762462377548,-0.003705736016854644,-0.9980881214141846,0,-0.9805241823196411,-0.1870354562997818,-0.059917476028203964,0,0.060755252838134766,0.1908186674118042,-0.006408759858459234,1],[7,-0.0003442336164880544,1.0000003576278687,-0.000016395326383644715,0,-1,-0.00034423251054249704,0.00007483929221052676,0,0.00007483363879146054,0.00001642109054955654,1.0000001192092896,0,-0.005671126767992973,0.1878030002117157,-0.03395061567425728,1],[7,-0.18476420640945435,0.9823341965675354,0.029710058122873306,0,-0.17803078889846802,-0.003724304959177971,-0.984018087387085,0,-0.9665231108665466,-0.18710070848464966,0.17557384073734283,0,0.11047964543104172,0.19082260131835938,-0.020709501579403877,1]],8,8,8,8,8,8]]],0,0,[],[],[]]
