[1,0,0,[["cc.Skeleton",["_name","_hash","_joints","_bindposes"],0,12]],[[0,0,1,2,3,4]],[[0,"Bone_pos_Leg",4057203718,["Bone_pos_Leg/Bone_R_Thigh","Bone_pos_Leg/Bone_R_Thigh/Bone_R_Caft","Bone_pos_Leg/Bone_R_Thigh/Bone_R_Caft/Bone_R_Foot","Bone_pos_Leg/Bone_R_Thigh/Bone_R_Caft/Bone_R_Foot/Bone_R_Toe","Bone_pos_Leg/Bone_L_Thigh","Bone_pos_Leg/Bone_L_Thigh/Bone_L_Caft","Bone_pos_Leg/Bone_L_Thigh/Bone_L_Caft/Bone_L_Foot","Bone_pos_Leg/Bone_L_Thigh/Bone_L_Caft/Bone_L_Foot/Bone_L_Toe"],[[[7,-0.18476442992687225,0.9823339581489563,0.029708947986364365,0,-0.9665236473083496,-0.18710051476955414,0.17557203769683838,0,0.17802831530570984,0.003725803690031171,0.9840224385261536,0,0.11047950387001038,0.190822571516037,-0.020709164440631866,1],[7,-0.18645569682121277,0.9823463559150696,-0.01517412718385458,0,-0.9805242419242859,-0.18703530728816986,-0.05991826206445694,0,-0.061700135469436646,0.0037072307895869017,0.9980918169021606,0,0.06075501814484596,0.1908186972141266,-0.006408507004380226,1],[7,-0.0003424262977205217,1.0000003576278687,-0.00004937454286846332,0,-0.0958295613527298,0.000016395239072153345,0.9953979253768921,0,0.9954016804695129,0.0003465637855697423,0.09583108127117157,0,-0.0023886878043413162,0.18780311942100525,-0.03433773294091225,1],[7,-0.00034233153564855456,1.0000003576278687,-0.0000494213163619861,0,-0.0958818644285202,0.000016432712072855793,0.9953927993774414,0,0.9953965544700623,0.00034647484426386654,0.09588338434696198,0,-0.08290577679872513,0.18780265748500824,-0.04209975525736809,1],[7,0.1121002733707428,0.9932624101638794,-0.02939164824783802,0,-0.9608593583106995,0.1158888190984726,0.2516365945339203,0,0.25334349274635315,0.000031022824259707704,0.9673908948898315,0,0.12174423784017563,-0.18223588168621063,-0.03187921270728111,1],[7,0.11486932635307312,0.993274450302124,0.014535214751958847,0,-0.9853599071502686,0.11578477174043655,-0.12514571845531464,0,-0.1259959638118744,0.000051306404202478006,0.9920448064804077,0,0.07567732781171799,-0.18222826719284058,-0.003920456860214472,1],[7,-0.00034560877247713506,1.0000001192092896,-0.00005257027441984974,0,-0.10085320472717285,0.000016863845303305425,0.9949022531509399,0,0.9949144721031189,0.0003466295311227441,0.10086162388324738,0,-0.0020895740017294884,-0.17950719594955444,-0.03433028236031532,1],[7,-0.00034526156377978623,1.0000001192092896,-0.00005225759377935901,0,-0.1004498302936554,0.000016729185517760925,0.9949429631233215,0,0.9949551820755005,0.00034624553518369794,0.10045824199914932,0,-0.08258775621652603,-0.1795065999031067,-0.042451322078704834,1]],8,8,8,8,8,8,8,8]]],0,0,[],[],[]]
