[1,0,0,[["cc.Skeleton",["_name","_hash","_joints","_bindposes"],0,12]],[[0,0,1,2,3,4]],[[0,"Skin-0",3123748494,["Bone_pos_Back_Wings","Bone_pos_Back_Wings/Bone_R_Wing_01","Bone_pos_Back_Wings/Bone_R_Wing_01/Bone_R_Wing_02","Bone_pos_Back_Wings/Bone_L_Wing_01","Bone_pos_Back_Wings/Bone_R_Wing_01/Bone_R_Wing_02/Bone_R_Wing_03","Bone_pos_Back_Wings/Bone_L_Wing_01/Bone_L_Wing_02","Bone_pos_Back_Wings/Bone_L_Wing_01/Bone_L_Wing_02/Bone_L_Wing_03"],[[[7,0.0000012771211004292127,-1,-2.2049420067560277e-9,0,1,0.0000012771211004292127,2.8772101973211167e-15,0,-6.123234262925839e-17,-2.2049420067560277e-9,1,0,-0.4898151457309723,-6.008242507959949e-7,-0.8431946039199829,1],[7,-0.4374621510505676,-0.8660252690315247,0.24213026463985443,0,0.7577073574066162,-0.5000001788139343,-0.41937971115112305,0,0.48425862193107605,0.0000011267529771430418,0.874924898147583,0,-0.6980835795402527,0.05239267647266388,-0.3357129693031311,1],[7,-0.4374620318412781,-0.8660260438919067,0.24212785065174103,0,0.7577074766159058,-0.49999889731407166,-0.41938114166259766,0,0.48425865173339844,-0.0000012427709634721396,0.874924898147583,0,-1.0232999324798584,0.05239361152052879,-0.33571285009384155,1],[7,0.43746256828308105,-0.8660255670547485,-0.24212855100631714,0,0.757706880569458,0.4999997019767761,-0.4193812310695648,0,0.48425909876823425,0.0000011083870958827902,0.8749246597290039,0,-0.698083758354187,-0.05239398032426834,-0.3357124924659729,1],[7,-0.4374622404575348,-0.8660259246826172,0.24212785065174103,0,0.7577073574066162,-0.49999910593032837,-0.41938114166259766,0,0.48425865173339844,-0.0000013582272231360548,0.874924898147583,0,-1.2948493957519531,0.05239388719201088,-0.33571282029151917,1],[7,0.4374626874923706,-0.8660248517990112,-0.24213087558746338,0,0.7577068209648132,0.5000009536743164,-0.4193798899650574,0,0.48425906896591187,-0.000001160036390501773,0.8749246597290039,0,-1.023300051689148,-0.05239306017756462,-0.3357126712799072,1],[7,0.4374626874923706,-0.8660248517990112,-0.24213087558746338,0,0.7577068209648132,0.5000009536743164,-0.4193798899650574,0,0.48425906896591187,-0.000001160036390501773,0.8749246597290039,0,-1.2948497533798218,-0.05239308625459671,-0.3357127010822296,1]],8,8,8,8,8,8,8]]],0,0,[],[],[]]
