[1,0,0,[["cc.Skeleton",["_name","_hash","_joints","_bindposes"],0,12]],[[0,0,1,2,3,4]],[[0,"Bone_pos_Arm",105512174,["Bone_pos_Arm/Bone_L_Clavine","Bone_pos_Arm/Bone_L_Clavine/Bone_L_UpArm","Bone_pos_Arm/Bone_L_Clavine/Bone_L_UpArm/Bone_L_ForeArm","Bone_pos_Arm/Bone_L_Clavine/Bone_L_UpArm/Bone_L_ForeArm/Bone_L_Hand","Bone_pos_Arm/Bone_L_Clavine/Bone_L_UpArm/Bone_L_ForeArm/Bone_L_Hand/Bone_L_Finger3","Bone_pos_Arm/Bone_L_Clavine/Bone_L_UpArm/Bone_L_ForeArm/Bone_L_Hand/Bone_L_Finger3/Bone_L_Finger31","Bone_pos_Arm/Bone_L_Clavine/Bone_L_UpArm/Bone_L_ForeArm/Bone_L_Hand/Bone_L_Finger2","Bone_pos_Arm/Bone_L_Clavine/Bone_L_UpArm/Bone_L_ForeArm/Bone_L_Hand/Bone_L_Finger2/Bone_L_Finger21","Bone_pos_Arm/Bone_L_Clavine/Bone_L_UpArm/Bone_L_ForeArm/Bone_L_Hand/Bone_L_Finger0","Bone_pos_Arm/Bone_L_Clavine/Bone_L_UpArm/Bone_L_ForeArm/Bone_L_Hand/Bone_L_Finger0/Bone_L_Finger01","Bone_pos_Arm/Bone_L_Clavine/Bone_L_UpArm/Bone_L_ForeArm/Bone_L_Hand/Bone_L_Finger1","Bone_pos_Arm/Bone_L_Clavine/Bone_L_UpArm/Bone_L_ForeArm/Bone_L_Hand/Bone_L_Finger1/Bone_L_Finger11","Bone_pos_Arm/Bone_R_Clavine","Bone_pos_Arm/Bone_R_Clavine/Bone_R_UpArm","Bone_pos_Arm/Bone_R_Clavine/Bone_R_UpArm/Bone_R_ForeArm","Bone_pos_Arm/Bone_R_Clavine/Bone_R_UpArm/Bone_R_ForeArm/Bone_R_Hand","Bone_pos_Arm/Bone_R_Clavine/Bone_R_UpArm/Bone_R_ForeArm/Bone_R_Hand/Bone_R_Finger3","Bone_pos_Arm/Bone_R_Clavine/Bone_R_UpArm/Bone_R_ForeArm/Bone_R_Hand/Bone_R_Finger3/Bone_R_Finger31","Bone_pos_Arm/Bone_R_Clavine/Bone_R_UpArm/Bone_R_ForeArm/Bone_R_Hand/Bone_R_Finger1","Bone_pos_Arm/Bone_R_Clavine/Bone_R_UpArm/Bone_R_ForeArm/Bone_R_Hand/Bone_R_Finger1/Bone_R_Finger11","Bone_pos_Arm/Bone_R_Clavine/Bone_R_UpArm/Bone_R_ForeArm/Bone_R_Hand/Bone_R_Finger2","Bone_pos_Arm/Bone_R_Clavine/Bone_R_UpArm/Bone_R_ForeArm/Bone_R_Hand/Bone_R_Finger2/Bone_R_Finger21","Bone_pos_Arm/Bone_R_Clavine/Bone_R_UpArm/Bone_R_ForeArm/Bone_R_Hand/Bone_R_Finger0","Bone_pos_Arm/Bone_R_Clavine/Bone_R_UpArm/Bone_R_ForeArm/Bone_R_Hand/Bone_R_Finger0/Bone_R_Finger01"],[[[7,0.9992639422416687,-0.0003724446287378669,0.03835773840546608,0,-0.03835773468017578,0.000010859582289413083,0.9992640018463135,0,-0.0003725870919879526,-0.9999998807907104,-0.000003434544396441197,0,-0.41998085379600525,0.0006486857892014086,-0.46193408966064453,1],[7,0.6935963034629822,0.014604445546865463,0.7202157974243164,0,-0.7202189564704895,-0.005994895938783884,0.6937208771705627,0,0.01444903016090393,-0.9998754262924194,0.00636036042124033,0,-0.08221765607595444,-0.005329402629286051,-0.7199243307113647,1],[7,0.7092125415802002,0.00968186091631651,0.7049281597137451,0,-0.7049533724784851,-0.0010925912065431476,0.7092527747154236,0,0.0076370881870388985,-0.9999525547027588,0.0060503799468278885,0,-0.09807959944009781,-0.004652725532650948,-0.7179580926895142,1],[7,0.695275068283081,0.010548057034611702,0.7186664342880249,0,-0.718690037727356,-0.00203709676861763,0.695327639579773,0,0.008798351511359215,-0.9999423623085022,0.006164440419524908,0,-0.3421860337257385,-0.0050663817673921585,-0.724764347076416,1],[7,0.43526968359947205,-0.8782447576522827,0.19805580377578735,0,-0.8893929719924927,-0.38532283902168274,0.24598029255867004,0,-0.13971547782421112,-0.283217191696167,-0.9488242864608765,0,-0.1915891021490097,0.9534793496131897,-0.2043573409318924,1],[7,0.4352695941925049,-0.8782382607460022,0.1980852633714676,0,-0.8893938064575195,-0.3853161633014679,0.24598771333694458,0,-0.13971035182476044,-0.283246785402298,-0.948816180229187,0,-0.2756231725215912,0.9534821510314941,-0.2043933868408203,1],[7,0.5829764008522034,-0.3392550051212311,-0.7382709383964539,0,-0.6273554563522339,0.3894490599632263,-0.6743546724319458,0,0.5162963271141052,0.8562913537025452,0.014206256717443466,0,-0.3500089645385742,0.3473358452320099,0.7459781169891357,1],[7,0.5829757452011108,-0.33926671743392944,-0.738266110420227,0,-0.6273557543754578,0.3894387185573578,-0.6743603348731995,0,0.5162966251373291,0.8562913537025452,0.014192532747983932,0,-0.42032238841056824,0.3473477065563202,0.7459729909896851,1],[7,0.7009214162826538,-0.014537394046783447,-0.7185860276222229,0,-0.725124716758728,0.005924733821302652,-0.6954196095466614,0,0.014536389149725437,0.9998770952224731,-0.006325556430965662,0,-0.48446041345596313,0.005302345380187035,0.7195360660552979,1],[7,0.7009219527244568,-0.014546886086463928,-0.718585193157196,0,-0.725124180316925,0.0059149982407689095,-0.6954202055931091,0,0.014536003582179546,0.9998769760131836,-0.006339131388813257,0,-0.5419708490371704,0.0053090984001755714,0.7195070385932922,1],[7,0.8218995928764343,0.386360228061676,0.41857701539993286,0,-0.5324190855026245,0.7822833061218262,0.32336169481277466,0,-0.202511727809906,-0.4886293411254883,0.8486639857292175,0,-0.5807763934135437,-0.319490522146225,-0.40866976976394653,1],[7,0.821901798248291,0.3863556981086731,0.41857683658599854,0,-0.5324164628982544,0.7822818756103516,0.3233693838119507,0,-0.20250949263572693,-0.48863524198532104,0.8486611843109131,0,-0.6442174911499023,-0.31948649883270264,-0.4086697995662689,1],[7,-0.9992644786834717,0.0003809712070506066,-0.03834737464785576,0,-0.038347382098436356,-0.000005399073415901512,0.9992645382881165,0,0.00038048389251343906,1,0.000020004346879431978,0,-0.4195958375930786,-0.0006540364702232182,-0.46191954612731934,1],[7,-0.6936749219894409,0.015364005230367184,-0.7201245427131653,0,-0.7201326489448547,0.005994611885398626,0.6938106417655945,0,0.014976576901972294,0.9998641610145569,0.0069058057852089405,0,-0.08203231543302536,0.005323420278728008,-0.7196365594863892,1],[7,-0.709143340587616,0.010441728867590427,-0.7049872875213623,0,-0.7050171494483948,0.0010935495374724269,0.7091894745826721,0,0.008176103234291077,0.9999449253082275,0.006586110685020685,0,-0.09773410111665726,0.004648270551115274,-0.7176953554153442,1],[7,-0.6949207186698914,0.011308055371046066,-0.718997597694397,0,-0.7190260291099548,0.002038355218246579,0.694980263710022,0,0.009324448183178902,0.9999340176582336,0.006714286748319864,0,-0.341560035943985,0.005061580333858728,-0.724655270576477,1],[7,-0.43538588285446167,-0.8780251145362854,-0.19877436757087708,0,-0.8893882632255554,0.3853332996368408,0.24598124623298645,0,-0.13938328623771667,0.28388431668281555,-0.9486738443374634,0,-0.19142210483551025,-0.9531403183937073,-0.20428021252155304,1],[7,-0.43538567423820496,-0.8780185580253601,-0.1988035887479782,0,-0.889389157295227,0.3853265047073364,0.24598875641822815,0,-0.1393783539533615,0.28391367197036743,-0.9486657381057739,0,-0.275456041097641,-0.9531430602073669,-0.20431609451770782,1],[7,-0.8220593929290771,0.3867224454879761,-0.41792869567871094,0,-0.5324100255966187,-0.7822872400283813,0.32336750626564026,0,-0.20188680291175842,0.4883367121219635,0.8489814400672913,0,-0.5804595947265625,0.3193400204181671,-0.4085088074207306,1],[7,-0.8220621943473816,0.38671770691871643,-0.4179275333881378,0,-0.5324068665504456,-0.7822858691215515,0.323375940322876,0,-0.20188356935977936,0.4883425533771515,0.8489787578582764,0,-0.6439011096954346,0.3193356990814209,-0.4085080325603485,1],[7,-0.5825920104980469,-0.33990997076034546,0.7382739782333374,0,-0.627348780632019,-0.3894466757774353,-0.67436283826828,0,0.5167417526245117,-0.8560335636138916,0.013646264560520649,0,-0.34978562593460083,-0.34720462560653687,0.7456925511360168,1],[7,-0.5825915336608887,-0.3399217426776886,0.7382688522338867,0,-0.6273491382598877,-0.3894360363483429,-0.6743686199188232,0,0.5167418122291565,-0.8560336828231812,0.013632435351610184,0,-0.42009952664375305,-0.34721651673316956,0.745686948299408,1],[7,-0.6955792307853699,-0.015325081534683704,0.7191209197044373,0,-0.7201337814331055,-0.005955618340522051,-0.6948527097702026,0,0.014958114363253117,-0.9998650550842285,-0.006883016787469387,0,-0.48041877150535583,-0.005314982961863279,0.719635009765625,1],[7,-0.6960194110870361,-0.015326184220612049,0.7186949849128723,0,-0.7197082042694092,-0.005954882595688105,-0.6952935457229614,0,0.014962565153837204,-0.9998650550842285,-0.0068751610815525055,0,-0.5438030362129211,-0.005315565504133701,0.7193207740783691,1]],8,8,8,8,8,8,8,8,8,8,8,8,8,8,8,8,8,8,8,8,8,8,8,8]]],0,0,[],[],[]]
