[1,0,0,[["cc.Skeleton",["_name","_hash","_joints","_bindposes"],0,12]],[[0,0,1,2,3,4]],[[0,"Skin-0",477403512,["Bone_pos_Top","Bone_pos_Top/Bone_L_Top_Beard_01","Bone_pos_Top/Bone_L_Top_Beard_01/Bone_L_Top_Beard_02","Bone_pos_Top/Bone_L_Ear_01","Bone_pos_Top/Bone_L_Ear_01/Bone_L_Ear_02","Bone_pos_Top/Bone_Top_01","Bone_pos_Top/Bone_Top_01/Bone_Top_02","Bone_pos_Top/Bone_R_Ear_01","Bone_pos_Top/Bone_R_Top_Beard_01","Bone_pos_Top/Bone_R_Top_Beard_01/Bone_R_Top_Beard_02","Bone_pos_Top/Bone_R_Ear_01/Bone_R_Ear_02"],[[[7,0.0000010333835689380066,-6.953438855816785e-7,1,0,6.123232939436859e-17,-0.9999998807907104,-6.953439992685162e-7,0,0.9999998807907104,7.186182530115326e-13,-0.0000010333836826248444,0,-0.9074902534484863,-6.787090001125762e-8,9.44964369864465e-7,1],[7,0.5000007152557373,-0.8660250902175903,8.153745625349984e-7,0,-8.087417313618062e-7,-0.0000014084420172366663,-1,0,0.8660250306129456,0.5000007152557373,-0.0000014046125897948514,0,-1.0024207830429077,-0.16806696355342865,0.0000010681782214305713,1],[7,0.5000008344650269,-0.8660249710083008,-0.0000014407831940843607,0,-8.087414471447119e-7,0.0000011967458704020828,-1,0,0.866024911403656,0.5000008344650269,-1.0201631539530354e-7,0,-1.285068392753601,-0.168067067861557,6.179769798109191e-7,1],[7,0.5000008344650269,-0.8660249710083008,4.02421903800132e-7,0,-6.915950052643893e-7,-8.639703992230352e-7,-1,0,0.8660249710083008,0.5000007748603821,-0.0000010309244089512504,0,-1.409469723701477,-0.4030773937702179,0.000001300531835113361,1],[7,0.5000009536743164,-0.8660248517990112,-0.0000018537357391323894,0,-6.915947778907139e-7,0.0000017412174884157139,-1,0,0.8660248517990112,0.5000009536743164,2.7167214966539177e-7,0,-1.6921172142028809,-0.40307754278182983,2.380839276838742e-7,1],[7,1.6698284355243231e-7,-1.000000238418579,0.000003997530711785657,0,6.123234262925839e-17,-0.000003997531166533008,-1.0000001192092896,0,1,1.6698288618499646e-7,-6.674577882580246e-13,0,-1.5315660238265991,-2.8227150394855016e-8,-6.778197558787724e-8,1],[7,1.4981860374518874e-7,-1.000000238418579,0.000004025112957606325,0,6.123234262925839e-17,-0.000004025113412353676,-1.0000001192092896,0,1,1.4981863216689817e-7,-6.029755687808613e-13,0,-1.814213514328003,-8.24844477165243e-8,-8.793104910864713e-8,1],[7,-0.4999998211860657,-0.8660253882408142,8.910861311051121e-7,0,9.053655389834603e-7,-0.0000015516502571699675,-1,0,0.8660253882408142,-0.4999997913837433,0.0000015598948266415391,0,-1.4094699621200562,0.4030763506889343,-0.0000019032224827242317,1],[7,-0.49999937415122986,-0.8660257458686829,8.910873248169082e-7,0,6.988886411818385e-7,-0.0000014324413086796994,-1,0,0.8660258054733276,-0.49999937415122986,0.0000013214753380452748,0,-1.0024210214614868,0.16806606948375702,-9.56513758865185e-7,1],[7,-0.4999992549419403,-0.8660258650779724,-0.0000013650733308168128,0,6.988888685555139e-7,0.0000011727471473932383,-1,0,0.8660259246826172,-0.4999992251396179,1.888315637188498e-8,0,-1.2850687503814697,0.16806599497795105,-5.310251367518504e-7,1],[7,-0.4999997019767761,-0.8660255074501038,-0.0000013650742403115146,0,9.053658800439734e-7,0.0000010535385399634833,-1,0,0.8660255074501038,-0.49999967217445374,2.573009965090023e-7,0,-1.692117691040039,0.40307626128196716,-8.65487606915849e-7,1]],8,8,8,8,8,8,8,8,8,8,8]]],0,0,[],[],[]]
