[1,0,0,[["cc.Skeleton",["_name","_hash","_joints","_bindposes"],0,12]],[[0,0,1,2,3,4]],[[0,"Skin-8",2025074401,["Armature/mixamorig:Hips","Armature/mixamorig:Hips/mixamorig:Spine","Armature/mixamorig:Hips/mixamorig:Spine/mixamorig:Spine1","Armature/mixamorig:Hips/mixamorig:Spine/mixamorig:Spine1/mixamorig:Spine2","Armature/mixamorig:Hips/mixamorig:Spine/mixamorig:Spine1/mixamorig:Spine2/mixamorig:Neck","Armature/mixamorig:Hips/mixamorig:Spine/mixamorig:Spine1/mixamorig:Spine2/mixamorig:Neck/mixamorig:Head","Armature/mixamorig:Hips/mixamorig:Spine/mixamorig:Spine1/mixamorig:Spine2/mixamorig:Neck/mixamorig:Head/mixamorig:HeadTop_End","Armature/mixamorig:Hips/mixamorig:Spine/mixamorig:Spine1/mixamorig:Spine2/mixamorig:LeftShoulder","Armature/mixamorig:Hips/mixamorig:Spine/mixamorig:Spine1/mixamorig:Spine2/mixamorig:LeftShoulder/mixamorig:LeftArm","Armature/mixamorig:Hips/mixamorig:Spine/mixamorig:Spine1/mixamorig:Spine2/mixamorig:LeftShoulder/mixamorig:LeftArm/mixamorig:LeftForeArm","Armature/mixamorig:Hips/mixamorig:Spine/mixamorig:Spine1/mixamorig:Spine2/mixamorig:LeftShoulder/mixamorig:LeftArm/mixamorig:LeftForeArm/mixamorig:LeftHand","Armature/mixamorig:Hips/mixamorig:Spine/mixamorig:Spine1/mixamorig:Spine2/mixamorig:LeftShoulder/mixamorig:LeftArm/mixamorig:LeftForeArm/mixamorig:LeftHand/mixamorig:LeftHandThumb1","Armature/mixamorig:Hips/mixamorig:Spine/mixamorig:Spine1/mixamorig:Spine2/mixamorig:LeftShoulder/mixamorig:LeftArm/mixamorig:LeftForeArm/mixamorig:LeftHand/mixamorig:LeftHandThumb1/mixamorig:LeftHandThumb2","Armature/mixamorig:Hips/mixamorig:Spine/mixamorig:Spine1/mixamorig:Spine2/mixamorig:LeftShoulder/mixamorig:LeftArm/mixamorig:LeftForeArm/mixamorig:LeftHand/mixamorig:LeftHandThumb1/mixamorig:LeftHandThumb2/mixamorig:LeftHandThumb3","Armature/mixamorig:Hips/mixamorig:Spine/mixamorig:Spine1/mixamorig:Spine2/mixamorig:LeftShoulder/mixamorig:LeftArm/mixamorig:LeftForeArm/mixamorig:LeftHand/mixamorig:LeftHandThumb1/mixamorig:LeftHandThumb2/mixamorig:LeftHandThumb3/mixamorig:LeftHandThumb4","Armature/mixamorig:Hips/mixamorig:Spine/mixamorig:Spine1/mixamorig:Spine2/mixamorig:LeftShoulder/mixamorig:LeftArm/mixamorig:LeftForeArm/mixamorig:LeftHand/mixamorig:LeftHandIndex1","Armature/mixamorig:Hips/mixamorig:Spine/mixamorig:Spine1/mixamorig:Spine2/mixamorig:LeftShoulder/mixamorig:LeftArm/mixamorig:LeftForeArm/mixamorig:LeftHand/mixamorig:LeftHandIndex1/mixamorig:LeftHandIndex2","Armature/mixamorig:Hips/mixamorig:Spine/mixamorig:Spine1/mixamorig:Spine2/mixamorig:LeftShoulder/mixamorig:LeftArm/mixamorig:LeftForeArm/mixamorig:LeftHand/mixamorig:LeftHandIndex1/mixamorig:LeftHandIndex2/mixamorig:LeftHandIndex3","Armature/mixamorig:Hips/mixamorig:Spine/mixamorig:Spine1/mixamorig:Spine2/mixamorig:LeftShoulder/mixamorig:LeftArm/mixamorig:LeftForeArm/mixamorig:LeftHand/mixamorig:LeftHandIndex1/mixamorig:LeftHandIndex2/mixamorig:LeftHandIndex3/mixamorig:LeftHandIndex4","Armature/mixamorig:Hips/mixamorig:Spine/mixamorig:Spine1/mixamorig:Spine2/mixamorig:LeftShoulder/mixamorig:LeftArm/mixamorig:LeftForeArm/mixamorig:LeftHand/mixamorig:LeftHandMiddle1","Armature/mixamorig:Hips/mixamorig:Spine/mixamorig:Spine1/mixamorig:Spine2/mixamorig:LeftShoulder/mixamorig:LeftArm/mixamorig:LeftForeArm/mixamorig:LeftHand/mixamorig:LeftHandMiddle1/mixamorig:LeftHandMiddle2","Armature/mixamorig:Hips/mixamorig:Spine/mixamorig:Spine1/mixamorig:Spine2/mixamorig:LeftShoulder/mixamorig:LeftArm/mixamorig:LeftForeArm/mixamorig:LeftHand/mixamorig:LeftHandMiddle1/mixamorig:LeftHandMiddle2/mixamorig:LeftHandMiddle3","Armature/mixamorig:Hips/mixamorig:Spine/mixamorig:Spine1/mixamorig:Spine2/mixamorig:LeftShoulder/mixamorig:LeftArm/mixamorig:LeftForeArm/mixamorig:LeftHand/mixamorig:LeftHandMiddle1/mixamorig:LeftHandMiddle2/mixamorig:LeftHandMiddle3/mixamorig:LeftHandMiddle4","Armature/mixamorig:Hips/mixamorig:Spine/mixamorig:Spine1/mixamorig:Spine2/mixamorig:LeftShoulder/mixamorig:LeftArm/mixamorig:LeftForeArm/mixamorig:LeftHand/mixamorig:LeftHandRing1","Armature/mixamorig:Hips/mixamorig:Spine/mixamorig:Spine1/mixamorig:Spine2/mixamorig:LeftShoulder/mixamorig:LeftArm/mixamorig:LeftForeArm/mixamorig:LeftHand/mixamorig:LeftHandRing1/mixamorig:LeftHandRing2","Armature/mixamorig:Hips/mixamorig:Spine/mixamorig:Spine1/mixamorig:Spine2/mixamorig:LeftShoulder/mixamorig:LeftArm/mixamorig:LeftForeArm/mixamorig:LeftHand/mixamorig:LeftHandRing1/mixamorig:LeftHandRing2/mixamorig:LeftHandRing3","Armature/mixamorig:Hips/mixamorig:Spine/mixamorig:Spine1/mixamorig:Spine2/mixamorig:LeftShoulder/mixamorig:LeftArm/mixamorig:LeftForeArm/mixamorig:LeftHand/mixamorig:LeftHandRing1/mixamorig:LeftHandRing2/mixamorig:LeftHandRing3/mixamorig:LeftHandRing4","Armature/mixamorig:Hips/mixamorig:Spine/mixamorig:Spine1/mixamorig:Spine2/mixamorig:RightShoulder","Armature/mixamorig:Hips/mixamorig:Spine/mixamorig:Spine1/mixamorig:Spine2/mixamorig:RightShoulder/mixamorig:RightArm","Armature/mixamorig:Hips/mixamorig:Spine/mixamorig:Spine1/mixamorig:Spine2/mixamorig:RightShoulder/mixamorig:RightArm/mixamorig:RightForeArm","Armature/mixamorig:Hips/mixamorig:Spine/mixamorig:Spine1/mixamorig:Spine2/mixamorig:RightShoulder/mixamorig:RightArm/mixamorig:RightForeArm/mixamorig:RightHand","Armature/mixamorig:Hips/mixamorig:Spine/mixamorig:Spine1/mixamorig:Spine2/mixamorig:RightShoulder/mixamorig:RightArm/mixamorig:RightForeArm/mixamorig:RightHand/mixamorig:RightHandThumb1","Armature/mixamorig:Hips/mixamorig:Spine/mixamorig:Spine1/mixamorig:Spine2/mixamorig:RightShoulder/mixamorig:RightArm/mixamorig:RightForeArm/mixamorig:RightHand/mixamorig:RightHandThumb1/mixamorig:RightHandThumb2","Armature/mixamorig:Hips/mixamorig:Spine/mixamorig:Spine1/mixamorig:Spine2/mixamorig:RightShoulder/mixamorig:RightArm/mixamorig:RightForeArm/mixamorig:RightHand/mixamorig:RightHandThumb1/mixamorig:RightHandThumb2/mixamorig:RightHandThumb3","Armature/mixamorig:Hips/mixamorig:Spine/mixamorig:Spine1/mixamorig:Spine2/mixamorig:RightShoulder/mixamorig:RightArm/mixamorig:RightForeArm/mixamorig:RightHand/mixamorig:RightHandThumb1/mixamorig:RightHandThumb2/mixamorig:RightHandThumb3/mixamorig:RightHandThumb4","Armature/mixamorig:Hips/mixamorig:Spine/mixamorig:Spine1/mixamorig:Spine2/mixamorig:RightShoulder/mixamorig:RightArm/mixamorig:RightForeArm/mixamorig:RightHand/mixamorig:RightHandIndex1","Armature/mixamorig:Hips/mixamorig:Spine/mixamorig:Spine1/mixamorig:Spine2/mixamorig:RightShoulder/mixamorig:RightArm/mixamorig:RightForeArm/mixamorig:RightHand/mixamorig:RightHandIndex1/mixamorig:RightHandIndex2","Armature/mixamorig:Hips/mixamorig:Spine/mixamorig:Spine1/mixamorig:Spine2/mixamorig:RightShoulder/mixamorig:RightArm/mixamorig:RightForeArm/mixamorig:RightHand/mixamorig:RightHandIndex1/mixamorig:RightHandIndex2/mixamorig:RightHandIndex3","Armature/mixamorig:Hips/mixamorig:Spine/mixamorig:Spine1/mixamorig:Spine2/mixamorig:RightShoulder/mixamorig:RightArm/mixamorig:RightForeArm/mixamorig:RightHand/mixamorig:RightHandIndex1/mixamorig:RightHandIndex2/mixamorig:RightHandIndex3/mixamorig:RightHandIndex4","Armature/mixamorig:Hips/mixamorig:Spine/mixamorig:Spine1/mixamorig:Spine2/mixamorig:RightShoulder/mixamorig:RightArm/mixamorig:RightForeArm/mixamorig:RightHand/mixamorig:RightHandMiddle1","Armature/mixamorig:Hips/mixamorig:Spine/mixamorig:Spine1/mixamorig:Spine2/mixamorig:RightShoulder/mixamorig:RightArm/mixamorig:RightForeArm/mixamorig:RightHand/mixamorig:RightHandMiddle1/mixamorig:RightHandMiddle2","Armature/mixamorig:Hips/mixamorig:Spine/mixamorig:Spine1/mixamorig:Spine2/mixamorig:RightShoulder/mixamorig:RightArm/mixamorig:RightForeArm/mixamorig:RightHand/mixamorig:RightHandMiddle1/mixamorig:RightHandMiddle2/mixamorig:RightHandMiddle3","Armature/mixamorig:Hips/mixamorig:Spine/mixamorig:Spine1/mixamorig:Spine2/mixamorig:RightShoulder/mixamorig:RightArm/mixamorig:RightForeArm/mixamorig:RightHand/mixamorig:RightHandMiddle1/mixamorig:RightHandMiddle2/mixamorig:RightHandMiddle3/mixamorig:RightHandMiddle4","Armature/mixamorig:Hips/mixamorig:Spine/mixamorig:Spine1/mixamorig:Spine2/mixamorig:RightShoulder/mixamorig:RightArm/mixamorig:RightForeArm/mixamorig:RightHand/mixamorig:RightHandRing1","Armature/mixamorig:Hips/mixamorig:Spine/mixamorig:Spine1/mixamorig:Spine2/mixamorig:RightShoulder/mixamorig:RightArm/mixamorig:RightForeArm/mixamorig:RightHand/mixamorig:RightHandRing1/mixamorig:RightHandRing2","Armature/mixamorig:Hips/mixamorig:Spine/mixamorig:Spine1/mixamorig:Spine2/mixamorig:RightShoulder/mixamorig:RightArm/mixamorig:RightForeArm/mixamorig:RightHand/mixamorig:RightHandRing1/mixamorig:RightHandRing2/mixamorig:RightHandRing3","Armature/mixamorig:Hips/mixamorig:Spine/mixamorig:Spine1/mixamorig:Spine2/mixamorig:RightShoulder/mixamorig:RightArm/mixamorig:RightForeArm/mixamorig:RightHand/mixamorig:RightHandRing1/mixamorig:RightHandRing2/mixamorig:RightHandRing3/mixamorig:RightHandRing4","Armature/mixamorig:Hips/mixamorig:LeftUpLeg","Armature/mixamorig:Hips/mixamorig:LeftUpLeg/mixamorig:LeftLeg","Armature/mixamorig:Hips/mixamorig:LeftUpLeg/mixamorig:LeftLeg/mixamorig:LeftFoot","Armature/mixamorig:Hips/mixamorig:LeftUpLeg/mixamorig:LeftLeg/mixamorig:LeftFoot/mixamorig:LeftToeBase","Armature/mixamorig:Hips/mixamorig:LeftUpLeg/mixamorig:LeftLeg/mixamorig:LeftFoot/mixamorig:LeftToeBase/mixamorig:LeftToe_End","Armature/mixamorig:Hips/mixamorig:RightUpLeg","Armature/mixamorig:Hips/mixamorig:RightUpLeg/mixamorig:RightLeg","Armature/mixamorig:Hips/mixamorig:RightUpLeg/mixamorig:RightLeg/mixamorig:RightFoot","Armature/mixamorig:Hips/mixamorig:RightUpLeg/mixamorig:RightLeg/mixamorig:RightFoot/mixamorig:RightToeBase","Armature/mixamorig:Hips/mixamorig:RightUpLeg/mixamorig:RightLeg/mixamorig:RightFoot/mixamorig:RightToeBase/mixamorig:RightToe_End"],[[[7,0.9959316849708557,-0.00043224453111179173,-0.09010791778564453,0,-0.0901089608669281,-0.0047773513942956924,-0.9959203004837036,0,3.902588474602453e-9,0.999988317489624,-0.004796865861862898,0,0.6722328066825867,2.877753973007202,1.3026719093322754,1],[7,0.9959316849708557,0.015086078085005283,-0.08883712440729141,0,-0.0901089608669281,0.1667393445968628,-0.9818747639656067,0,4.148009935533992e-9,0.9858855605125427,0.1674204021692276,0,0.6722328066825867,2.3610517978668213,1.7786232233047485,1],[7,0.9959316849708557,0.015086074359714985,-0.08883712440729141,0,-0.0901089608669281,0.1667392998933792,-0.9818747639656067,0,3.848064977773902e-9,0.9858855605125427,0.16742035746574402,0,0.6722328066825867,2.0699820518493652,1.778623104095459,1],[7,0.9959316849708557,0.015086074359714985,-0.0888371393084526,0,-0.0901089683175087,0.1667392998933792,-0.981874942779541,0,3.6446918816324114e-9,0.985885739326477,0.16742035746574402,0,0.6722328066825867,1.7373300790786743,1.778623342514038,1],[7,0.9959316849708557,-0.00043224249384365976,-0.09010791778564453,0,-0.0901089608669281,-0.004777329042553902,-0.9959203004837036,0,3.913081858542e-9,0.9999884366989136,-0.0047968425787985325,0,0.6722328066825867,1.6489338874816895,1.5174164772033691,1],[7,0.9959316849708557,-0.0004322445602156222,-0.09010791778564453,0,-0.0901089608669281,-0.00477735185995698,-0.9959203004837036,0,3.926126979081346e-9,0.9999884366989136,-0.0047968653962016106,0,0.6722328066825867,1.175086259841919,1.4905118942260742,1],[7,0.9959316849708557,-0.0004322445602156222,-0.09010791778564453,0,-0.0901089608669281,-0.00477735185995698,-0.9959203004837036,0,3.926126979081346e-9,0.9999884366989136,-0.0047968653962016106,0,0.6722328066825867,-2.0805604457855225,1.3056597709655762,1],[7,0.052803076803684235,0.9829844236373901,-0.1759338676929474,0,0.9846462607383728,-0.08060460537672043,-0.15483494102954865,0,-0.16638143360614777,-0.16505691409111023,-0.9721487164497375,0,-1.8001149892807007,-0.001497681369073689,-1.4427798986434937,1],[7,0.10453008115291595,0.7213431596755981,-0.6846438050270081,0,0.9843584299087524,0.02312326990067959,0.17465269565582275,0,0.14181575179100037,-0.692191481590271,-0.7076432704925537,0,-1.2668722867965698,-1.732642650604248,-1.1441785097122192,1],[7,-0.22640490531921387,0.9572820663452148,-0.17986389994621277,0,0.2574740946292877,-0.11927232891321182,-0.9588956236839294,0,-0.9393867254257202,-0.26340898871421814,-0.21947158873081207,0,-2.2208566665649414,-1.3282620906829834,1.1320698261260986,1],[7,-0.18758231401443481,0.9822443723678589,0.0028946134261786938,0,0.9786177277565002,0.1871412843465805,-0.08535163104534149,0,-0.08437786251306534,-0.013177739456295967,-0.9963465332984924,0,-1.3466356992721558,-1.6760525703430176,-2.1775827407836914,1],[7,0.7340289354324341,0.45327144861221313,-0.5057135820388794,0,0.6768178939819336,-0.5494988560676575,0.4898657202720642,0,-0.05584687739610672,-0.7018515467643738,-0.7101304531097412,0,-2.1019318103790283,-1.5799319744110107,-1.637266993522644,1],[7,0.7340287566184998,0.49257034063339233,-0.4675208330154419,0,0.6768178343772888,-0.5872067809104919,0.4439656436443329,0,-0.05584709346294403,-0.6423101425170898,-0.7644073963165283,0,-2.07562518119812,-1.5398424863815308,-1.7671743631362915,1],[7,0.7340274453163147,0.6386683583259583,-0.2308809459209442,0,0.6768192648887634,-0.7159256935119629,0.17136475443840027,0,-0.055848367512226105,-0.282051146030426,-0.9577723741531372,0,-2.080373525619507,-0.7861626148223877,-2.272871494293213,1],[7,0.7340275049209595,0.6386685371398926,-0.23088090121746063,0,0.6768193244934082,-0.7159258723258972,0.1713646501302719,0,-0.055848393589258194,-0.28205108642578125,-0.9577724933624268,0,-2.101935863494873,-0.8241400122642517,-2.272871971130371,1],[7,0.1351616382598877,0.9782993197441101,-0.1570391207933426,0,0.987241268157959,-0.14643602073192596,-0.0625397115945816,0,-0.08417876064777374,-0.1465824991464615,-0.9856103658676147,0,-1.721842646598816,-1.6578164100646973,-1.9302946329116821,1],[7,0.1351615935564041,0.9759941101074219,-0.1707802414894104,0,0.9872412085533142,-0.14730089902877808,-0.06047436594963074,0,-0.08417875319719315,-0.16042743623256683,-0.9834513664245605,0,-1.7217227220535278,-1.8109372854232788,-1.9050170183181763,1],[7,0.1351616531610489,0.9807491898536682,0.1409318745136261,0,0.9872412085533142,-0.1212194561958313,-0.10325019806623459,0,-0.0841788798570633,0.15308921039104462,-0.9846204519271851,0,-1.7216624021530151,-1.2379196882247925,-2.408895492553711,1],[7,0.1351616531610489,0.9807491898536682,0.1409319043159485,0,0.9872412085533142,-0.1212194487452507,-0.10325020551681519,0,-0.08417888730764389,0.1530892550945282,-0.9846204519271851,0,-1.721842885017395,-1.3146953582763672,-2.408895254135132,1],[7,0.07907763868570328,0.9894121885299683,-0.12169639021158218,0,0.9932501912117004,-0.0885930210351944,-0.07486776262521744,0,-0.0848565325140953,-0.11495460569858551,-0.9897398352622986,0,-1.7944179773330688,-1.683440089225769,-1.969910740852356,1],[7,0.07907773554325104,0.979602575302124,-0.1847301721572876,0,0.9932501912117004,-0.09320024400949478,-0.06904791295528412,0,-0.08485642075538635,-0.17802312970161438,-0.980360746383667,0,-1.794408917427063,-1.9321006536483765,-1.8501217365264893,1],[7,0.07907786965370178,0.9675877094268799,-0.23983457684516907,0,0.9932501912117004,-0.09695608913898468,-0.0636664628982544,0,-0.08485632389783859,-0.2331811487674713,-0.9687238931655884,0,-1.7944104671478271,-2.1547579765319824,-1.7310324907302856,1],[7,0.07907786965370178,0.9675876498222351,-0.23983460664749146,0,0.9932501912117004,-0.09695608168840408,-0.0636664405465126,0,-0.0848563015460968,-0.2331811785697937,-0.9687238931655884,0,-1.7944179773330688,-2.2365400791168213,-1.7310327291488647,1],[7,0.02404683642089367,0.9994670152664185,-0.02206444926559925,0,0.9960688352584839,-0.02583564631640911,-0.08473288267850876,0,-0.08525779843330383,-0.019940149039030075,-0.996159553527832,0,-1.8441181182861328,-1.598857045173645,-2.1410040855407715,1],[7,0.024046815931797028,0.9939393401145935,-0.10726413875818253,0,0.9960686564445496,-0.03297128528356552,-0.08221938461065292,0,-0.08525774627923965,-0.10486532002687454,-0.9908249378204346,0,-1.843982458114624,-1.8643345832824707,-1.989182472229004,1],[7,0.02404686249792576,0.9040917158126831,-0.4266608655452728,0,0.9960687160491943,-0.05806475132703781,-0.0668998658657074,0,-0.08525758981704712,-0.4233747124671936,-0.9019339084625244,0,-1.8439253568649292,-2.5050923824310303,-1.2374491691589355,1],[7,0.024046871811151505,0.9040916562080383,-0.4266608655452728,0,0.9960687160491943,-0.05806476250290871,-0.066899873316288,0,-0.08525758981704712,-0.4233746826648712,-0.9019339680671692,0,-1.8441174030303955,-2.5659377574920654,-1.237449049949646,1],[7,-0.10988230258226395,-0.9828417897224426,0.14814607799053192,0,-0.9799301624298096,0.08218201249837875,-0.181611567735672,0,0.1663205623626709,-0.1651287078857422,-0.9721469879150391,0,1.7621454000473022,-1.304692029953003,-1.2280595302581787,1],[7,-0.04541023448109627,-0.7001205086708069,0.7125789523124695,0,-0.9755098819732666,0.1847536861896515,0.11935766041278839,0,-0.21521636843681335,-0.6897077560424805,-0.6913644671440125,0,1.1639641523361206,-2.735266923904419,-0.27970805764198303,1],[7,-0.2653103470802307,-0.9635854363441467,0.03335798531770706,0,-0.2882845103740692,0.04626509174704552,-0.9564262628555298,0,0.920055627822876,-0.26336634159088135,-0.29006141424179077,0,1.9854283332824707,-2.6107678413391113,1.1260719299316406,1],[7,-0.39535027742385864,-0.9165736436843872,-0.059919487684965134,0,-0.9144947528839111,0.3988831341266632,-0.06775868684053421,0,0.08600670844316483,0.028007643297314644,-0.9959008097648621,0,0.8645623922348022,-2.9019010066986084,-2.3217930793762207,1],[7,0.6562888026237488,-0.5715674757957458,0.49253979325294495,0,-0.7544167041778564,-0.5073460340499878,0.41647961735725403,0,0.011841908097267151,-0.6449111104011536,-0.7641658782958984,0,2.9627773761749268,-2.082428455352783,-1.2972925901412964,1],[7,0.6562904715538025,-0.47480830550193787,0.5863785147666931,0,-0.7544153928756714,-0.4251462519168854,0.5001081824302673,0,0.011841130442917347,-0.7705891728401184,-0.6372222900390625,0,2.9402642250061035,-2.3586227893829346,-0.891856849193573,1],[7,0.6562889814376831,-0.6467453837394714,0.3885936141014099,0,-0.7544166445732117,-0.5705674290657043,0.32451218366622925,0,0.011842107400298119,-0.5061351656913757,-0.8623729944229126,0,2.9334917068481445,-2.005019426345825,-1.6789737939834595,1],[7,0.6562889814376831,-0.6467454433441162,0.38859352469444275,0,-0.7544166445732117,-0.5705674886703491,0.3245123326778412,0,0.011841950938105583,-0.5061352252960205,-0.8623729944229126,0,2.962777853012085,-2.0676963329315186,-1.6789737939834595,1],[7,-0.025303496047854424,-0.9903473854064941,0.13627582788467407,0,-0.9972693920135498,0.015546862035989761,-0.07218902558088303,0,0.06937354803085327,-0.13773038983345032,-0.988037109375,0,1.8059052228927612,-2.9222612380981445,-1.7762991189956665,1],[7,-0.025303492322564125,-0.976462721824646,0.21419577300548553,0,-0.9972695708274841,0.009787225164473057,-0.07319264858961105,0,0.06937350332736969,-0.21546298265457153,-0.9740447402000427,0,1.8058950901031494,-3.1778552532196045,-1.5296909809112549,1],[7,-0.025303486734628677,-0.9952342510223389,-0.09417170286178589,0,-0.9972695708274841,0.03166744485497475,-0.06670922040939331,0,0.0693734660744667,0.09222661703824997,-0.9933183789253235,0,1.8060436248779297,-2.6802549362182617,-2.4657888412475586,1],[7,-0.025303497910499573,-0.9952342510223389,-0.09417148679494858,0,-0.9972695708274841,0.03166744112968445,-0.06670921295881271,0,0.06937345862388611,0.09222640097141266,-0.9933184385299683,0,1.8059051036834717,-2.773137092590332,-2.465787887573242,1],[7,-0.044348061084747314,-0.9919521808624268,0.11858876049518585,0,-0.996527373790741,0.0355515256524086,-0.07529088109731674,0,0.0704689547419548,-0.12151597440242767,-0.990084707736969,0,1.903037667274475,-2.946113348007202,-1.8168630599975586,1],[7,-0.04434806853532791,-0.9778998494148254,0.20431537926197052,0,-0.9965274333953857,0.028876328840851784,-0.07809461653232574,0,0.07046882063150406,-0.2070692628622055,-0.9757851362228394,0,1.9028253555297852,-3.206256628036499,-1.5441612005233765,1],[7,-0.044348038733005524,-0.9258737564086914,0.3752209544181824,0,-0.9965274930000305,0.014505261555314064,-0.08198907971382141,0,0.07046885043382645,-0.3775540888309479,-0.923302412033081,0,1.90280020236969,-3.5548105239868164,-0.9258225560188293,1],[7,-0.04434803128242493,-0.9258736371994019,0.3752209544181824,0,-0.9965274333953857,0.014505252242088318,-0.08198908716440201,0,0.07046885788440704,-0.3775540292263031,-0.9233023524284363,0,1.903037667274475,-3.630094289779663,-0.9258224368095398,1],[7,-0.20390383899211884,-0.9708117246627808,0.12628287076950073,0,-0.9758253693580627,0.19118227064609528,-0.10589399933815002,0,0.07866008579730988,-0.14482225477695465,-0.9863260984420776,0,1.5936719179153442,-3.2354297637939453,-1.7329847812652588,1],[7,-0.203903928399086,-0.9701103568077087,0.13156265020370483,0,-0.975825309753418,0.19060342013835907,-0.10693277418613434,0,0.07866029441356659,-0.15018624067306519,-0.9855234622955322,0,1.5940901041030884,-3.352477788925171,-1.7147704362869263,1],[7,-0.20390398800373077,-0.9783918857574463,-0.03423558175563812,0,-0.975825309753418,0.20593027770519257,-0.07319170236587524,0,0.07866030931472778,0.018483875319361687,-0.9967300891876221,0,1.5944838523864746,-3.1153786182403564,-2.273824691772461,1],[7,-0.2039039433002472,-0.9783917665481567,-0.03423559293150902,0,-0.9758252501487732,0.2059302181005478,-0.07319168001413345,0,0.07866029441356659,0.01848389394581318,-0.9967299699783325,0,1.5936716794967651,-3.196225166320801,-2.273824691772461,1],[7,-0.9959316849708557,0.00345345726236701,-0.09004438668489456,0,0.09010891616344452,0.03817013278603554,-0.9952185750007629,0,6.13618595934895e-8,-0.9992652535438538,-0.03832675516605377,0,-0.040362171828746796,-3.057190418243408,1.2281296253204346,1],[7,-0.9589380621910095,-0.2667957842350006,-0.09621617197990417,0,0.07624105364084244,0.08426183462142944,-0.9935408234596252,0,0.27317485213279724,-0.9600622057914734,-0.06046222522854805,0,0.9521056413650513,-3.5251119136810303,1.1472169160842896,1],[7,-0.9458171129226685,-0.009384257718920708,0.32457002997398376,0,-0.21419021487236023,-0.7332382202148438,-0.6453689932823181,0,0.24403971433639526,-0.6799229979515076,0.6914948225021362,0,1.2430671453475952,-1.599420428276062,3.555812120437622,1],[7,-0.96671062707901,-0.1824887990951538,-0.17935769259929657,0,0.18051880598068237,-0.9832084774971008,0.02736728824675083,0,-0.18133693933486938,-0.0059212991036474705,0.9834030866622925,0,-0.9423076510429382,1.0278643369674683,4.047244548797607,1],[7,-0.9667108058929443,-0.18248866498470306,-0.17935769259929657,0,0.1805187314748764,-0.9832085967063904,0.027367232367396355,0,-0.18133695423603058,-0.005921331234276295,0.9834033250808716,0,-0.942308247089386,0.7812606692314148,4.047245025634766,1],[7,-0.9959316849708557,0.003726415801793337,-0.09005482494831085,0,0.09010890871286392,0.04118552431464195,-0.9953340888023376,0,-7.3463375827032e-8,-0.9991449117660522,-0.041364312171936035,0,-1.3041033744812012,-3.061087131500244,1.224310040473938,1],[7,-0.9569501876831055,0.2767580449581146,-0.08749233931303024,0,0.09793927520513535,0.024206330999732018,-0.9951522350311279,0,-0.27322864532470703,-0.9606348872184753,-0.05028257519006729,0,-2.2467238903045654,-3.1450276374816895,1.1951680183410645,1],[7,-0.889801025390625,-0.12234912812709808,-0.43972107768058777,0,0.3839744031429291,-0.7215192914009094,-0.5763611197471619,0,-0.2466973066329956,-0.6817203164100647,0.6889264583587646,0,-2.4977190494537354,-1.6820348501205444,3.030012845993042,1],[7,-0.9829453229904175,0.005890494212508202,0.1838117241859436,0,-0.006887943483889103,-1.0002168416976929,-0.004796488210558891,0,0.1837770640850067,-0.0059822616167366505,0.9829510450363159,0,-0.3595258891582489,1.1617114543914795,4.2910237312316895,1],[7,-0.9829451441764832,0.00589054636657238,0.18381308019161224,0,-0.006887995637953281,-1.0002168416976929,-0.004796442110091448,0,0.18377840518951416,-0.005982233677059412,0.9829508066177368,0,-0.3595098853111267,0.9224157929420471,4.291015625,1]],8,8,8,8,8,8,8,8,8,8,8,8,8,8,8,8,8,8,8,8,8,8,8,8,8,8,8,8,8,8,8,8,8,8,8,8,8,8,8,8,8,8,8,8,8,8,8,8,8,8,8,8,8,8,8,8,8]]],0,0,[],[],[]]
