[1,0,0,[["cc.Skeleton",["_name","_hash","_joints","_bindposes"],0,12]],[[0,0,1,2,3,4]],[[0,"Skin-1",1181843058,["Armature/mixamorig:Hips","Armature/mixamorig:Hips/mixamorig:Spine","Armature/mixamorig:Hips/mixamorig:Spine/mixamorig:Spine1","Armature/mixamorig:Hips/mixamorig:Spine/mixamorig:Spine1/mixamorig:Spine2","Armature/mixamorig:Hips/mixamorig:Spine/mixamorig:Spine1/mixamorig:Spine2/mixamorig:Neck","Armature/mixamorig:Hips/mixamorig:Spine/mixamorig:Spine1/mixamorig:Spine2/mixamorig:Neck/mixamorig:Head","Armature/mixamorig:Hips/mixamorig:Spine/mixamorig:Spine1/mixamorig:Spine2/mixamorig:Neck/mixamorig:Head/mixamorig:HeadTop_End","Armature/mixamorig:Hips/mixamorig:Spine/mixamorig:Spine1/mixamorig:Spine2/mixamorig:LeftShoulder","Armature/mixamorig:Hips/mixamorig:Spine/mixamorig:Spine1/mixamorig:Spine2/mixamorig:LeftShoulder/mixamorig:LeftArm","Armature/mixamorig:Hips/mixamorig:Spine/mixamorig:Spine1/mixamorig:Spine2/mixamorig:LeftShoulder/mixamorig:LeftArm/mixamorig:LeftForeArm","Armature/mixamorig:Hips/mixamorig:Spine/mixamorig:Spine1/mixamorig:Spine2/mixamorig:LeftShoulder/mixamorig:LeftArm/mixamorig:LeftForeArm/mixamorig:LeftHand","Armature/mixamorig:Hips/mixamorig:Spine/mixamorig:Spine1/mixamorig:Spine2/mixamorig:LeftShoulder/mixamorig:LeftArm/mixamorig:LeftForeArm/mixamorig:LeftHand/mixamorig:LeftHandThumb1","Armature/mixamorig:Hips/mixamorig:Spine/mixamorig:Spine1/mixamorig:Spine2/mixamorig:LeftShoulder/mixamorig:LeftArm/mixamorig:LeftForeArm/mixamorig:LeftHand/mixamorig:LeftHandThumb1/mixamorig:LeftHandThumb2","Armature/mixamorig:Hips/mixamorig:Spine/mixamorig:Spine1/mixamorig:Spine2/mixamorig:LeftShoulder/mixamorig:LeftArm/mixamorig:LeftForeArm/mixamorig:LeftHand/mixamorig:LeftHandThumb1/mixamorig:LeftHandThumb2/mixamorig:LeftHandThumb3","Armature/mixamorig:Hips/mixamorig:Spine/mixamorig:Spine1/mixamorig:Spine2/mixamorig:LeftShoulder/mixamorig:LeftArm/mixamorig:LeftForeArm/mixamorig:LeftHand/mixamorig:LeftHandThumb1/mixamorig:LeftHandThumb2/mixamorig:LeftHandThumb3/mixamorig:LeftHandThumb4","Armature/mixamorig:Hips/mixamorig:Spine/mixamorig:Spine1/mixamorig:Spine2/mixamorig:LeftShoulder/mixamorig:LeftArm/mixamorig:LeftForeArm/mixamorig:LeftHand/mixamorig:LeftHandIndex1","Armature/mixamorig:Hips/mixamorig:Spine/mixamorig:Spine1/mixamorig:Spine2/mixamorig:LeftShoulder/mixamorig:LeftArm/mixamorig:LeftForeArm/mixamorig:LeftHand/mixamorig:LeftHandIndex1/mixamorig:LeftHandIndex2","Armature/mixamorig:Hips/mixamorig:Spine/mixamorig:Spine1/mixamorig:Spine2/mixamorig:LeftShoulder/mixamorig:LeftArm/mixamorig:LeftForeArm/mixamorig:LeftHand/mixamorig:LeftHandIndex1/mixamorig:LeftHandIndex2/mixamorig:LeftHandIndex3","Armature/mixamorig:Hips/mixamorig:Spine/mixamorig:Spine1/mixamorig:Spine2/mixamorig:LeftShoulder/mixamorig:LeftArm/mixamorig:LeftForeArm/mixamorig:LeftHand/mixamorig:LeftHandIndex1/mixamorig:LeftHandIndex2/mixamorig:LeftHandIndex3/mixamorig:LeftHandIndex4","Armature/mixamorig:Hips/mixamorig:Spine/mixamorig:Spine1/mixamorig:Spine2/mixamorig:LeftShoulder/mixamorig:LeftArm/mixamorig:LeftForeArm/mixamorig:LeftHand/mixamorig:LeftHandMiddle1","Armature/mixamorig:Hips/mixamorig:Spine/mixamorig:Spine1/mixamorig:Spine2/mixamorig:LeftShoulder/mixamorig:LeftArm/mixamorig:LeftForeArm/mixamorig:LeftHand/mixamorig:LeftHandMiddle1/mixamorig:LeftHandMiddle2","Armature/mixamorig:Hips/mixamorig:Spine/mixamorig:Spine1/mixamorig:Spine2/mixamorig:LeftShoulder/mixamorig:LeftArm/mixamorig:LeftForeArm/mixamorig:LeftHand/mixamorig:LeftHandMiddle1/mixamorig:LeftHandMiddle2/mixamorig:LeftHandMiddle3","Armature/mixamorig:Hips/mixamorig:Spine/mixamorig:Spine1/mixamorig:Spine2/mixamorig:LeftShoulder/mixamorig:LeftArm/mixamorig:LeftForeArm/mixamorig:LeftHand/mixamorig:LeftHandMiddle1/mixamorig:LeftHandMiddle2/mixamorig:LeftHandMiddle3/mixamorig:LeftHandMiddle4","Armature/mixamorig:Hips/mixamorig:Spine/mixamorig:Spine1/mixamorig:Spine2/mixamorig:LeftShoulder/mixamorig:LeftArm/mixamorig:LeftForeArm/mixamorig:LeftHand/mixamorig:LeftHandRing1","Armature/mixamorig:Hips/mixamorig:Spine/mixamorig:Spine1/mixamorig:Spine2/mixamorig:LeftShoulder/mixamorig:LeftArm/mixamorig:LeftForeArm/mixamorig:LeftHand/mixamorig:LeftHandRing1/mixamorig:LeftHandRing2","Armature/mixamorig:Hips/mixamorig:Spine/mixamorig:Spine1/mixamorig:Spine2/mixamorig:LeftShoulder/mixamorig:LeftArm/mixamorig:LeftForeArm/mixamorig:LeftHand/mixamorig:LeftHandRing1/mixamorig:LeftHandRing2/mixamorig:LeftHandRing3","Armature/mixamorig:Hips/mixamorig:Spine/mixamorig:Spine1/mixamorig:Spine2/mixamorig:LeftShoulder/mixamorig:LeftArm/mixamorig:LeftForeArm/mixamorig:LeftHand/mixamorig:LeftHandRing1/mixamorig:LeftHandRing2/mixamorig:LeftHandRing3/mixamorig:LeftHandRing4","Armature/mixamorig:Hips/mixamorig:Spine/mixamorig:Spine1/mixamorig:Spine2/mixamorig:RightShoulder","Armature/mixamorig:Hips/mixamorig:Spine/mixamorig:Spine1/mixamorig:Spine2/mixamorig:RightShoulder/mixamorig:RightArm","Armature/mixamorig:Hips/mixamorig:Spine/mixamorig:Spine1/mixamorig:Spine2/mixamorig:RightShoulder/mixamorig:RightArm/mixamorig:RightForeArm","Armature/mixamorig:Hips/mixamorig:Spine/mixamorig:Spine1/mixamorig:Spine2/mixamorig:RightShoulder/mixamorig:RightArm/mixamorig:RightForeArm/mixamorig:RightHand","Armature/mixamorig:Hips/mixamorig:Spine/mixamorig:Spine1/mixamorig:Spine2/mixamorig:RightShoulder/mixamorig:RightArm/mixamorig:RightForeArm/mixamorig:RightHand/mixamorig:RightHandThumb1","Armature/mixamorig:Hips/mixamorig:Spine/mixamorig:Spine1/mixamorig:Spine2/mixamorig:RightShoulder/mixamorig:RightArm/mixamorig:RightForeArm/mixamorig:RightHand/mixamorig:RightHandThumb1/mixamorig:RightHandThumb2","Armature/mixamorig:Hips/mixamorig:Spine/mixamorig:Spine1/mixamorig:Spine2/mixamorig:RightShoulder/mixamorig:RightArm/mixamorig:RightForeArm/mixamorig:RightHand/mixamorig:RightHandThumb1/mixamorig:RightHandThumb2/mixamorig:RightHandThumb3","Armature/mixamorig:Hips/mixamorig:Spine/mixamorig:Spine1/mixamorig:Spine2/mixamorig:RightShoulder/mixamorig:RightArm/mixamorig:RightForeArm/mixamorig:RightHand/mixamorig:RightHandThumb1/mixamorig:RightHandThumb2/mixamorig:RightHandThumb3/mixamorig:RightHandThumb4","Armature/mixamorig:Hips/mixamorig:Spine/mixamorig:Spine1/mixamorig:Spine2/mixamorig:RightShoulder/mixamorig:RightArm/mixamorig:RightForeArm/mixamorig:RightHand/mixamorig:RightHandIndex1","Armature/mixamorig:Hips/mixamorig:Spine/mixamorig:Spine1/mixamorig:Spine2/mixamorig:RightShoulder/mixamorig:RightArm/mixamorig:RightForeArm/mixamorig:RightHand/mixamorig:RightHandIndex1/mixamorig:RightHandIndex2","Armature/mixamorig:Hips/mixamorig:Spine/mixamorig:Spine1/mixamorig:Spine2/mixamorig:RightShoulder/mixamorig:RightArm/mixamorig:RightForeArm/mixamorig:RightHand/mixamorig:RightHandIndex1/mixamorig:RightHandIndex2/mixamorig:RightHandIndex3","Armature/mixamorig:Hips/mixamorig:Spine/mixamorig:Spine1/mixamorig:Spine2/mixamorig:RightShoulder/mixamorig:RightArm/mixamorig:RightForeArm/mixamorig:RightHand/mixamorig:RightHandIndex1/mixamorig:RightHandIndex2/mixamorig:RightHandIndex3/mixamorig:RightHandIndex4","Armature/mixamorig:Hips/mixamorig:Spine/mixamorig:Spine1/mixamorig:Spine2/mixamorig:RightShoulder/mixamorig:RightArm/mixamorig:RightForeArm/mixamorig:RightHand/mixamorig:RightHandMiddle1","Armature/mixamorig:Hips/mixamorig:Spine/mixamorig:Spine1/mixamorig:Spine2/mixamorig:RightShoulder/mixamorig:RightArm/mixamorig:RightForeArm/mixamorig:RightHand/mixamorig:RightHandMiddle1/mixamorig:RightHandMiddle2","Armature/mixamorig:Hips/mixamorig:Spine/mixamorig:Spine1/mixamorig:Spine2/mixamorig:RightShoulder/mixamorig:RightArm/mixamorig:RightForeArm/mixamorig:RightHand/mixamorig:RightHandMiddle1/mixamorig:RightHandMiddle2/mixamorig:RightHandMiddle3","Armature/mixamorig:Hips/mixamorig:Spine/mixamorig:Spine1/mixamorig:Spine2/mixamorig:RightShoulder/mixamorig:RightArm/mixamorig:RightForeArm/mixamorig:RightHand/mixamorig:RightHandMiddle1/mixamorig:RightHandMiddle2/mixamorig:RightHandMiddle3/mixamorig:RightHandMiddle4","Armature/mixamorig:Hips/mixamorig:Spine/mixamorig:Spine1/mixamorig:Spine2/mixamorig:RightShoulder/mixamorig:RightArm/mixamorig:RightForeArm/mixamorig:RightHand/mixamorig:RightHandRing1","Armature/mixamorig:Hips/mixamorig:Spine/mixamorig:Spine1/mixamorig:Spine2/mixamorig:RightShoulder/mixamorig:RightArm/mixamorig:RightForeArm/mixamorig:RightHand/mixamorig:RightHandRing1/mixamorig:RightHandRing2","Armature/mixamorig:Hips/mixamorig:Spine/mixamorig:Spine1/mixamorig:Spine2/mixamorig:RightShoulder/mixamorig:RightArm/mixamorig:RightForeArm/mixamorig:RightHand/mixamorig:RightHandRing1/mixamorig:RightHandRing2/mixamorig:RightHandRing3","Armature/mixamorig:Hips/mixamorig:Spine/mixamorig:Spine1/mixamorig:Spine2/mixamorig:RightShoulder/mixamorig:RightArm/mixamorig:RightForeArm/mixamorig:RightHand/mixamorig:RightHandRing1/mixamorig:RightHandRing2/mixamorig:RightHandRing3/mixamorig:RightHandRing4","Armature/mixamorig:Hips/mixamorig:LeftUpLeg","Armature/mixamorig:Hips/mixamorig:LeftUpLeg/mixamorig:LeftLeg","Armature/mixamorig:Hips/mixamorig:LeftUpLeg/mixamorig:LeftLeg/mixamorig:LeftFoot","Armature/mixamorig:Hips/mixamorig:LeftUpLeg/mixamorig:LeftLeg/mixamorig:LeftFoot/mixamorig:LeftToeBase","Armature/mixamorig:Hips/mixamorig:LeftUpLeg/mixamorig:LeftLeg/mixamorig:LeftFoot/mixamorig:LeftToeBase/mixamorig:LeftToe_End","Armature/mixamorig:Hips/mixamorig:RightUpLeg","Armature/mixamorig:Hips/mixamorig:RightUpLeg/mixamorig:RightLeg","Armature/mixamorig:Hips/mixamorig:RightUpLeg/mixamorig:RightLeg/mixamorig:RightFoot","Armature/mixamorig:Hips/mixamorig:RightUpLeg/mixamorig:RightLeg/mixamorig:RightFoot/mixamorig:RightToeBase","Armature/mixamorig:Hips/mixamorig:RightUpLeg/mixamorig:RightLeg/mixamorig:RightFoot/mixamorig:RightToeBase/mixamorig:RightToe_End"],[[[7,-0.013943502679467201,-0.9999026656150818,-1.6391281576488836e-7,0,0.9999026656150818,-0.013943502679467201,-3.7252831930345565e-9,0,1.4394021530250711e-9,-1.639488402815914e-7,1,0,-0.9329470992088318,0.9012560844421387,-0.22564908862113953,1],[7,-0.013943502679467201,-0.9849753379821777,-0.17213109135627747,0,0.9999026656150818,-0.01373534370213747,-0.002400345169007778,0,1.0590791577058667e-9,-0.17214787006378174,0.9850711226463318,0,-0.9329470992088318,0.6771577596664429,-0.06713128089904785,1],[7,-0.013943502679467201,-0.9849753379821777,-0.17213104665279388,0,0.9999026656150818,-0.01373534370213747,-0.002400344703346491,0,1.2144300010064057e-9,-0.17214782536029816,0.9850711226463318,0,-0.9329470992088318,0.3860878050327301,-0.06713135540485382,1],[7,-0.013943502679467201,-0.9849755167961121,-0.17213104665279388,0,0.9999026656150818,-0.01373534556478262,-0.002400344470515847,0,1.1627150353632487e-9,-0.17214782536029816,0.9850713014602661,0,-0.9329470992088318,0.05343550443649292,-0.06713130325078964,1],[7,-0.013943502679467201,-0.9999027848243713,-1.8713282656790398e-7,0,0.9999026656150818,-0.01394350454211235,-4.049082846790952e-9,0,1.4394021530250711e-9,-1.8717113903221616e-7,1,0,-0.9329470992088318,-0.3275640904903412,-0.010904587805271149,1],[7,-0.013943502679467201,-0.9999027848243713,-1.6419102166764787e-7,0,0.9999026656150818,-0.01394350454211235,-3.729162756371807e-9,0,1.4394021530250711e-9,-1.6422710302776977e-7,1,0,-0.9329470992088318,-0.8014117479324341,-0.037809111177921295,1],[7,-0.013943502679467201,-0.9999027848243713,-1.641910358785026e-7,0,0.9999026656150818,-0.01394350454211235,-3.7291632004610165e-9,0,1.4394024860919785e-9,-1.642271172386245e-7,1,0,-0.9329470992088318,-4.057058334350586,-0.2226613163948059,1],[7,0.17159375548362732,0.15132704377174377,0.973475992679596,0,-0.03374785929918289,0.9884549379348755,-0.14770685136318207,0,-0.9845893383026123,-0.007507159374654293,0.17471978068351746,0,0.1008518636226654,-1.246821641921997,0.46886909008026123,1],[7,-0.13726763427257538,0.6825503706932068,0.7178317904472351,0,0.013492637313902378,0.725912868976593,-0.6876541376113892,0,-0.990442156791687,-0.08470723032951355,-0.1088537648320198,0,-0.04879835620522499,-1.3840794563293457,1.5416570901870728,1],[7,0.9438842535018921,0.24978093802928925,0.21608223021030426,0,-0.23554649949073792,0.9677122831344604,-0.08972291648387909,0,-0.23151658475399017,0.03379063680768013,0.9722438454627991,0,0.3910713791847229,-2.407202959060669,0.21958501636981964,1],[7,0.09279701858758926,0.0010897513711825013,0.9956843852996826,0,-0.2737341523170471,0.9614941477775574,0.024459488689899445,0,-0.9573181867599487,-0.2748226821422577,0.08952213078737259,0,0.733731746673584,-2.770580291748047,-0.3629230260848999,1],[7,0.050048403441905975,0.6923613548278809,0.7198129892349243,0,0.6708186268806458,0.510645866394043,-0.5378132462501526,0,-0.7399308085441589,0.5097807049751282,-0.43889203667640686,0,-1.9292420148849487,-1.7807519435882568,1.3205636739730835,1],[7,0.050048552453517914,0.6320700645446777,0.7732932567596436,0,0.6708185076713562,0.5523461103439331,-0.49488991498947144,0,-0.7399307489395142,0.5435080528259277,-0.3963603377342224,0,-1.9029346704483032,-1.9784927368164062,1.1648346185684204,1],[7,0.05004987120628357,0.2691079378128052,0.9618085622787476,0,0.6708170771598816,0.7044023871421814,-0.23199482262134552,0,-0.7399320602416992,0.6568090915679932,-0.14526700973510742,0,-1.9076762199401855,-2.3632848262786865,0.2374618649482727,1],[7,0.05004989728331566,0.2691078782081604,0.9618087410926819,0,0.6708170771598816,0.7044025659561157,-0.23199476301670074,0,-0.7399321794509888,0.6568092107772827,-0.14526690542697906,0,-1.9292383193969727,-2.4012627601623535,0.2374613732099533,1],[7,0.08830758184194565,0.13252043724060059,0.9872388243675232,0,0.04688838869333267,0.9894587993621826,-0.13701263070106506,0,-0.9949892163276672,0.058389272540807724,0.08116306364536285,0,-0.09864538162946701,-3.0430233478546143,0.13497701287269592,1],[7,0.08830756694078445,0.1463896930217743,0.9852774739265442,0,0.04688834026455879,0.9874340891838074,-0.15091268718242645,0,-0.9949891567230225,0.059524741023778915,0.08033396303653717,0,-0.09852561354637146,-3.1669652462005615,0.17952844500541687,1],[7,0.0883076936006546,-0.16699950397014618,0.9819943904876709,0,0.046888407319784164,0.9854497313499451,0.16337065398693085,0,-0.9949891567230225,0.031617265194654465,0.09485316276550293,0,-0.09846509993076324,-3.1745331287384033,-0.8488728404045105,1],[7,0.0883077010512352,-0.16699953377246857,0.9819943904876709,0,0.046888403594493866,0.9854497313499451,0.16337068378925323,0,-0.9949891567230225,0.031617261469364166,0.09485317021608353,0,-0.09864547848701477,-3.2513089179992676,-0.8488725423812866,1],[7,0.08977612107992172,0.10109547525644302,0.9908179640769958,0,-0.009493938647210598,0.9948766827583313,-0.1006493866443634,0,-0.9959168434143066,-0.00037085311487317085,0.09027598053216934,0,-0.07792675495147705,-3.0501980781555176,0.03122539073228836,1],[7,0.08977601677179337,0.1642613559961319,0.9823230504989624,0,-0.00949384830892086,0.9864019751548767,-0.1640757918357849,0,-0.9959168434143066,0.005404043942689896,0.09011472761631012,0,-0.07791802287101746,-3.168067216873169,0.2343350648880005,1],[7,0.08977590501308441,0.21955235302448273,0.9714614152908325,0,-0.009493713267147541,0.975544273853302,-0.21959775686264038,0,-0.9959168434143066,0.01049181167036295,0.08966474235057831,0,-0.07792013138532639,-3.2708628177642822,0.4199870526790619,1],[7,0.08977588266134262,0.21955236792564392,0.9714614152908325,0,-0.009493713267147541,0.975544273853302,-0.21959778666496277,0,-0.9959168434143066,0.010491808876395226,0.08966471999883652,0,-0.07792748510837555,-3.352644920349121,0.4199869632720947,1],[7,0.09093476086854935,0.006334705278277397,0.9958369135856628,0,-0.06454405188560486,0.9979146122932434,-0.0004540907684713602,0,-0.9937633275985718,-0.06423404067754745,0.09115400910377502,0,-0.04176287353038788,-3.0622007846832275,-0.28923308849334717,1],[7,0.09093470126390457,0.09128198027610779,0.9916644096374512,0,-0.06454405188560486,0.994236409664154,-0.08560013771057129,0,-0.9937631487846375,-0.05622202530503273,0.0963023453950882,0,-0.04162755608558655,-3.1643378734588623,-0.019304577261209488,1],[7,0.09093454480171204,0.4108142554759979,0.9071727991104126,0,-0.06454401463270187,0.9114627838134766,-0.406287282705307,0,-0.9937632083892822,-0.02160702645778656,0.10939908772706985,0,-0.041570838540792465,-3.0887811183929443,1.0494129657745361,1],[7,0.09093454480171204,0.41081422567367554,0.9071728587150574,0,-0.06454400718212128,0.9114627242088318,-0.406287282705307,0,-0.9937632083892822,-0.021607017144560814,0.10939910262823105,0,-0.041762929409742355,-3.1496262550354004,1.0494132041931152,1],[7,-0.17073646187782288,0.1788303405046463,0.9689523577690125,0,-0.023517755791544914,-0.9838510155677795,0.17743608355522156,0,0.9850360751152039,0.007507226895540953,0.1721849888563156,0,-0.04745623841881752,0.5932508707046509,0.1655207872390747,1],[7,0.20991824567317963,0.7001672983169556,0.6824221014976501,0,0.04560811072587967,-0.7042261362075806,0.7085092067718506,0,0.976654589176178,-0.11760503053665161,-0.1797633022069931,0,0.018938466906547546,-0.0452209897339344,0.241328626871109,1],[7,-0.9181254506111145,0.27658143639564514,0.28381049633026123,0,-0.25108030438423157,-0.9600713849067688,0.12337417155504227,0,0.30660152435302734,0.042013730853796005,0.9509102702140808,0,0.0778668150305748,-0.607699453830719,0.04540621489286423,1],[7,-0.0861956849694252,-0.013265837915241718,0.9961899518966675,0,-0.31257006525993347,-0.9490652680397034,-0.039683546870946884,0,0.9459757804870605,-0.3147996962070465,0.07765886187553406,0,-0.260402113199234,-0.9501832723617554,-0.3868086338043213,1],[7,-0.025222474709153175,0.6494702100753784,0.7599687576293945,0,0.7213172316551208,-0.514519989490509,0.46364927291870117,0,0.6921454668045044,0.5598728656768799,-0.4554966986179352,0,0.7166929841041565,-0.8283684849739075,0.18640251457691193,1],[7,-0.025221651419997215,0.7743286490440369,0.6322810053825378,0,0.7213187217712402,-0.42381173372268677,0.5477983951568604,0,0.6921440362930298,0.4698924124240875,-0.5478485822677612,0,0.6941813230514526,-0.8605799078941345,0.34503135085105896,1],[7,-0.025222640484571457,0.5113392472267151,0.8590088486671448,0,0.7213174104690552,-0.5856282711029053,0.3697848618030548,0,0.6921454071998596,0.6289448142051697,-0.35406693816185,0,0.6874067187309265,-1.0204330682754517,-0.004277990199625492,1],[7,-0.02522253803908825,0.5113393664360046,0.8590088486671448,0,0.7213173508644104,-0.58562833070755,0.3697848320007324,0,0.6921454071998596,0.6289447546005249,-0.3540670573711395,0,0.7166929841041565,-1.0831098556518555,-0.004277821630239487,1],[7,-0.07504256814718246,0.15113390982151031,0.9856606721878052,0,0.06362219154834747,-0.9857080578804016,0.1559850573539734,0,0.9951484203338623,0.07441543787717819,0.06435464322566986,0,0.03465075418353081,-1.1790026426315308,-0.15068645775318146,1],[7,-0.07504251599311829,0.2286365032196045,0.9706153869628906,0,0.06362220644950867,-0.9702787399291992,0.23347622156143188,0,0.9951485991477966,0.07927335053682327,0.05826583877205849,0,0.0346405990421772,-1.3114570379257202,-0.04708332568407059,1],[7,-0.0750424861907959,-0.07863509654998779,0.9940751194953918,0,0.06362222135066986,-0.9952324032783508,-0.07392381876707077,0,0.9951485991477966,0.057697843760252,0.0796876773238182,0,0.03478896617889404,-1.3556588888168335,-0.4841192662715912,1],[7,-0.0750424787402153,-0.07863488048315048,0.9940751194953918,0,0.06362220644950867,-0.9952324032783508,-0.07392361015081406,0,0.9951485991477966,0.057697851210832596,0.07968765497207642,0,0.034650664776563644,-1.4485406875610352,-0.48411861062049866,1],[7,-0.07587715238332748,0.1350635439157486,0.987927258014679,0,0.04457474872469902,-0.98933345079422,0.1386793702840805,0,0.9961202144622803,0.05455922335386276,0.06904742121696472,0,0.1586766391992569,-1.198909044265747,-0.16659313440322876,1],[7,-0.07587701827287674,0.22037819027900696,0.9724589586257935,0,0.04457474872469902,-0.9735456109046936,0.22410251200199127,0,0.996120274066925,0.06035134941339493,0.0640464648604393,0,0.15846458077430725,-1.3222919702529907,-0.05191671848297119,1],[7,-0.07587704807519913,0.390057772397995,0.9176589846611023,0,0.04457478225231171,-0.9180648922920227,0.39391615986824036,0,0.9961203336715698,0.07079364359378815,0.052273333072662354,0,0.15843909978866577,-1.4351872205734253,0.20701204240322113,1],[7,-0.07587704807519913,0.3900577425956726,0.9176589250564575,0,0.04457478225231171,-0.9180647730827332,0.39391615986824036,0,0.996120274066925,0.07079363614320755,0.05227333679795265,0,0.1586766541004181,-1.5104713439941406,0.20701205730438232,1],[7,-0.08179572969675064,0.15902186930179596,0.9838809370994568,0,-0.11629555374383926,-0.9819678664207458,0.14904437959194183,0,0.9898406863212585,-0.10222980380058289,0.09881436824798584,0,0.10084575414657593,-1.2123349905014038,-0.1526462882757187,1],[7,-0.08179593831300735,0.16437233984470367,0.9830010533332825,0,-0.11629565805196762,-0.981142520904541,0.1543845534324646,0,0.9898406267166138,-0.10169076919555664,0.09936930984258652,0,0.10126388818025589,-1.320814847946167,-0.14546240866184235,1],[7,-0.08179595321416855,-0.004075548145920038,0.9966408014297485,0,-0.1162957027554512,-0.993121325969696,-0.013605741783976555,0,0.9898406267166138,-0.11701798439025879,0.08075937628746033,0,0.10165755450725555,-1.3780694007873535,-0.38381439447402954,1],[7,-0.08179593831300735,-0.004075570497661829,0.996640682220459,0,-0.11629568040370941,-0.9931212067604065,-0.013605759479105473,0,0.989840567111969,-0.1170179471373558,0.08075935393571854,0,0.10084548592567444,-1.4589163064956665,-0.38381442427635193,1],[7,0.013943436555564404,0.9993404746055603,0.033529460430145264,0,-0.9999026656150818,0.013935593888163567,0.00046760382247157395,0,4.246131979357415e-8,-0.03353210166096687,0.9994562864303589,0,1.5648175477981567,-1.0305556058883667,-0.2330828458070755,1],[7,-0.2597830891609192,0.9640558958053589,0.05575568974018097,0,-0.9656232595443726,-0.25988614559173584,-0.005520923994481564,0,0.009167484939098358,-0.05527222529053688,0.9984476566314697,0,1.9421063661575317,-1.1038302183151245,-0.2585841715335846,1],[7,-0.23257994651794434,0.6755513548851013,-0.6996804475784302,0,-0.9260020852088928,0.06615123897790909,0.37168335914611816,0,0.29737141728401184,0.7343542575836182,0.6101727485656738,0,1.7844691276550293,-1.4758838415145874,0.638512372970581,1],[7,0.19541308283805847,0.002443787408992648,-0.9807178974151611,0,-0.9764146208763123,-0.09312550723552704,-0.19478771090507507,0,-0.09180421382188797,0.9956697225570679,-0.015811510384082794,0,1.1288280487060547,-0.3420519232749939,2.4185311794281006,1],[7,0.19541308283805847,0.0024438160471618176,-0.9807181358337402,0,-0.9764148592948914,-0.0931253582239151,-0.19478769600391388,0,-0.09180409461259842,0.9956697821617126,-0.01581145077943802,0,1.128827452659607,-0.5886557102203369,2.4185311794281006,1],[7,0.013943571597337723,0.9992346167564392,0.03656613081693649,0,-0.9999026656150818,0.013934253714978695,0.0005099609843455255,0,4.8939057251118356e-8,-0.036560364067554474,0.999586820602417,0,0.30107662081718445,-1.030033826828003,-0.2310994416475296,1],[7,0.2866652309894562,0.9569529294967651,0.04545004293322563,0,-0.9579785466194153,0.2868221402168274,0.0031697640661150217,0,-0.010000207461416721,-0.04443749040365219,0.9992175102233887,0,-0.14730873703956604,-1.6169147491455078,-0.24611663818359375,1],[7,0.2609591484069824,0.6789391040802002,-0.6864127516746521,0,-0.9172313213348389,-0.047373827546834946,-0.39560645818710327,0,-0.3010464906692505,0.7328708171844482,0.6103274822235107,0,-0.06914729624986649,-1.3703784942626953,1.3493671417236328,1],[7,-0.17057357728481293,-0.00013243644207250327,-0.9853463172912598,0,-0.9807997345924377,0.09600253403186798,0.16977353394031525,0,0.09454946219921112,0.9956344962120056,-0.016501227393746376,0,0.7022260427474976,-0.5116426944732666,2.079031467437744,1],[7,-0.17057491838932037,-0.00013246471644379199,-0.9853460788726807,0,-0.9807995557785034,0.09600258618593216,0.1697748750448227,0,0.09454947710037231,0.9956344962120056,-0.01650139130651951,0,0.7022389769554138,-0.7509385347366333,2.079022169113159,1]],8,8,8,8,8,8,8,8,8,8,8,8,8,8,8,8,8,8,8,8,8,8,8,8,8,8,8,8,8,8,8,8,8,8,8,8,8,8,8,8,8,8,8,8,8,8,8,8,8,8,8,8,8,8,8,8,8]]],0,0,[],[],[]]
