[1,0,0,[["cc.Skeleton",["_name","_hash","_joints","_bindposes"],0,12]],[[0,0,1,2,3,4]],[[0,"Skin-9",2830009341,["Armature/mixamorig:Hips","Armature/mixamorig:Hips/mixamorig:Spine","Armature/mixamorig:Hips/mixamorig:Spine/mixamorig:Spine1","Armature/mixamorig:Hips/mixamorig:Spine/mixamorig:Spine1/mixamorig:Spine2","Armature/mixamorig:Hips/mixamorig:Spine/mixamorig:Spine1/mixamorig:Spine2/mixamorig:Neck","Armature/mixamorig:Hips/mixamorig:Spine/mixamorig:Spine1/mixamorig:Spine2/mixamorig:Neck/mixamorig:Head","Armature/mixamorig:Hips/mixamorig:Spine/mixamorig:Spine1/mixamorig:Spine2/mixamorig:Neck/mixamorig:Head/mixamorig:HeadTop_End","Armature/mixamorig:Hips/mixamorig:Spine/mixamorig:Spine1/mixamorig:Spine2/mixamorig:LeftShoulder","Armature/mixamorig:Hips/mixamorig:Spine/mixamorig:Spine1/mixamorig:Spine2/mixamorig:LeftShoulder/mixamorig:LeftArm","Armature/mixamorig:Hips/mixamorig:Spine/mixamorig:Spine1/mixamorig:Spine2/mixamorig:LeftShoulder/mixamorig:LeftArm/mixamorig:LeftForeArm","Armature/mixamorig:Hips/mixamorig:Spine/mixamorig:Spine1/mixamorig:Spine2/mixamorig:LeftShoulder/mixamorig:LeftArm/mixamorig:LeftForeArm/mixamorig:LeftHand","Armature/mixamorig:Hips/mixamorig:Spine/mixamorig:Spine1/mixamorig:Spine2/mixamorig:LeftShoulder/mixamorig:LeftArm/mixamorig:LeftForeArm/mixamorig:LeftHand/mixamorig:LeftHandThumb1","Armature/mixamorig:Hips/mixamorig:Spine/mixamorig:Spine1/mixamorig:Spine2/mixamorig:LeftShoulder/mixamorig:LeftArm/mixamorig:LeftForeArm/mixamorig:LeftHand/mixamorig:LeftHandThumb1/mixamorig:LeftHandThumb2","Armature/mixamorig:Hips/mixamorig:Spine/mixamorig:Spine1/mixamorig:Spine2/mixamorig:LeftShoulder/mixamorig:LeftArm/mixamorig:LeftForeArm/mixamorig:LeftHand/mixamorig:LeftHandThumb1/mixamorig:LeftHandThumb2/mixamorig:LeftHandThumb3","Armature/mixamorig:Hips/mixamorig:Spine/mixamorig:Spine1/mixamorig:Spine2/mixamorig:LeftShoulder/mixamorig:LeftArm/mixamorig:LeftForeArm/mixamorig:LeftHand/mixamorig:LeftHandThumb1/mixamorig:LeftHandThumb2/mixamorig:LeftHandThumb3/mixamorig:LeftHandThumb4","Armature/mixamorig:Hips/mixamorig:Spine/mixamorig:Spine1/mixamorig:Spine2/mixamorig:LeftShoulder/mixamorig:LeftArm/mixamorig:LeftForeArm/mixamorig:LeftHand/mixamorig:LeftHandIndex1","Armature/mixamorig:Hips/mixamorig:Spine/mixamorig:Spine1/mixamorig:Spine2/mixamorig:LeftShoulder/mixamorig:LeftArm/mixamorig:LeftForeArm/mixamorig:LeftHand/mixamorig:LeftHandIndex1/mixamorig:LeftHandIndex2","Armature/mixamorig:Hips/mixamorig:Spine/mixamorig:Spine1/mixamorig:Spine2/mixamorig:LeftShoulder/mixamorig:LeftArm/mixamorig:LeftForeArm/mixamorig:LeftHand/mixamorig:LeftHandIndex1/mixamorig:LeftHandIndex2/mixamorig:LeftHandIndex3","Armature/mixamorig:Hips/mixamorig:Spine/mixamorig:Spine1/mixamorig:Spine2/mixamorig:LeftShoulder/mixamorig:LeftArm/mixamorig:LeftForeArm/mixamorig:LeftHand/mixamorig:LeftHandIndex1/mixamorig:LeftHandIndex2/mixamorig:LeftHandIndex3/mixamorig:LeftHandIndex4","Armature/mixamorig:Hips/mixamorig:Spine/mixamorig:Spine1/mixamorig:Spine2/mixamorig:LeftShoulder/mixamorig:LeftArm/mixamorig:LeftForeArm/mixamorig:LeftHand/mixamorig:LeftHandMiddle1","Armature/mixamorig:Hips/mixamorig:Spine/mixamorig:Spine1/mixamorig:Spine2/mixamorig:LeftShoulder/mixamorig:LeftArm/mixamorig:LeftForeArm/mixamorig:LeftHand/mixamorig:LeftHandMiddle1/mixamorig:LeftHandMiddle2","Armature/mixamorig:Hips/mixamorig:Spine/mixamorig:Spine1/mixamorig:Spine2/mixamorig:LeftShoulder/mixamorig:LeftArm/mixamorig:LeftForeArm/mixamorig:LeftHand/mixamorig:LeftHandMiddle1/mixamorig:LeftHandMiddle2/mixamorig:LeftHandMiddle3","Armature/mixamorig:Hips/mixamorig:Spine/mixamorig:Spine1/mixamorig:Spine2/mixamorig:LeftShoulder/mixamorig:LeftArm/mixamorig:LeftForeArm/mixamorig:LeftHand/mixamorig:LeftHandMiddle1/mixamorig:LeftHandMiddle2/mixamorig:LeftHandMiddle3/mixamorig:LeftHandMiddle4","Armature/mixamorig:Hips/mixamorig:Spine/mixamorig:Spine1/mixamorig:Spine2/mixamorig:LeftShoulder/mixamorig:LeftArm/mixamorig:LeftForeArm/mixamorig:LeftHand/mixamorig:LeftHandRing1","Armature/mixamorig:Hips/mixamorig:Spine/mixamorig:Spine1/mixamorig:Spine2/mixamorig:LeftShoulder/mixamorig:LeftArm/mixamorig:LeftForeArm/mixamorig:LeftHand/mixamorig:LeftHandRing1/mixamorig:LeftHandRing2","Armature/mixamorig:Hips/mixamorig:Spine/mixamorig:Spine1/mixamorig:Spine2/mixamorig:LeftShoulder/mixamorig:LeftArm/mixamorig:LeftForeArm/mixamorig:LeftHand/mixamorig:LeftHandRing1/mixamorig:LeftHandRing2/mixamorig:LeftHandRing3","Armature/mixamorig:Hips/mixamorig:Spine/mixamorig:Spine1/mixamorig:Spine2/mixamorig:LeftShoulder/mixamorig:LeftArm/mixamorig:LeftForeArm/mixamorig:LeftHand/mixamorig:LeftHandRing1/mixamorig:LeftHandRing2/mixamorig:LeftHandRing3/mixamorig:LeftHandRing4","Armature/mixamorig:Hips/mixamorig:Spine/mixamorig:Spine1/mixamorig:Spine2/mixamorig:RightShoulder","Armature/mixamorig:Hips/mixamorig:Spine/mixamorig:Spine1/mixamorig:Spine2/mixamorig:RightShoulder/mixamorig:RightArm","Armature/mixamorig:Hips/mixamorig:Spine/mixamorig:Spine1/mixamorig:Spine2/mixamorig:RightShoulder/mixamorig:RightArm/mixamorig:RightForeArm","Armature/mixamorig:Hips/mixamorig:Spine/mixamorig:Spine1/mixamorig:Spine2/mixamorig:RightShoulder/mixamorig:RightArm/mixamorig:RightForeArm/mixamorig:RightHand","Armature/mixamorig:Hips/mixamorig:Spine/mixamorig:Spine1/mixamorig:Spine2/mixamorig:RightShoulder/mixamorig:RightArm/mixamorig:RightForeArm/mixamorig:RightHand/mixamorig:RightHandThumb1","Armature/mixamorig:Hips/mixamorig:Spine/mixamorig:Spine1/mixamorig:Spine2/mixamorig:RightShoulder/mixamorig:RightArm/mixamorig:RightForeArm/mixamorig:RightHand/mixamorig:RightHandThumb1/mixamorig:RightHandThumb2","Armature/mixamorig:Hips/mixamorig:Spine/mixamorig:Spine1/mixamorig:Spine2/mixamorig:RightShoulder/mixamorig:RightArm/mixamorig:RightForeArm/mixamorig:RightHand/mixamorig:RightHandThumb1/mixamorig:RightHandThumb2/mixamorig:RightHandThumb3","Armature/mixamorig:Hips/mixamorig:Spine/mixamorig:Spine1/mixamorig:Spine2/mixamorig:RightShoulder/mixamorig:RightArm/mixamorig:RightForeArm/mixamorig:RightHand/mixamorig:RightHandThumb1/mixamorig:RightHandThumb2/mixamorig:RightHandThumb3/mixamorig:RightHandThumb4","Armature/mixamorig:Hips/mixamorig:Spine/mixamorig:Spine1/mixamorig:Spine2/mixamorig:RightShoulder/mixamorig:RightArm/mixamorig:RightForeArm/mixamorig:RightHand/mixamorig:RightHandIndex1","Armature/mixamorig:Hips/mixamorig:Spine/mixamorig:Spine1/mixamorig:Spine2/mixamorig:RightShoulder/mixamorig:RightArm/mixamorig:RightForeArm/mixamorig:RightHand/mixamorig:RightHandIndex1/mixamorig:RightHandIndex2","Armature/mixamorig:Hips/mixamorig:Spine/mixamorig:Spine1/mixamorig:Spine2/mixamorig:RightShoulder/mixamorig:RightArm/mixamorig:RightForeArm/mixamorig:RightHand/mixamorig:RightHandIndex1/mixamorig:RightHandIndex2/mixamorig:RightHandIndex3","Armature/mixamorig:Hips/mixamorig:Spine/mixamorig:Spine1/mixamorig:Spine2/mixamorig:RightShoulder/mixamorig:RightArm/mixamorig:RightForeArm/mixamorig:RightHand/mixamorig:RightHandIndex1/mixamorig:RightHandIndex2/mixamorig:RightHandIndex3/mixamorig:RightHandIndex4","Armature/mixamorig:Hips/mixamorig:Spine/mixamorig:Spine1/mixamorig:Spine2/mixamorig:RightShoulder/mixamorig:RightArm/mixamorig:RightForeArm/mixamorig:RightHand/mixamorig:RightHandMiddle1","Armature/mixamorig:Hips/mixamorig:Spine/mixamorig:Spine1/mixamorig:Spine2/mixamorig:RightShoulder/mixamorig:RightArm/mixamorig:RightForeArm/mixamorig:RightHand/mixamorig:RightHandMiddle1/mixamorig:RightHandMiddle2","Armature/mixamorig:Hips/mixamorig:Spine/mixamorig:Spine1/mixamorig:Spine2/mixamorig:RightShoulder/mixamorig:RightArm/mixamorig:RightForeArm/mixamorig:RightHand/mixamorig:RightHandMiddle1/mixamorig:RightHandMiddle2/mixamorig:RightHandMiddle3","Armature/mixamorig:Hips/mixamorig:Spine/mixamorig:Spine1/mixamorig:Spine2/mixamorig:RightShoulder/mixamorig:RightArm/mixamorig:RightForeArm/mixamorig:RightHand/mixamorig:RightHandMiddle1/mixamorig:RightHandMiddle2/mixamorig:RightHandMiddle3/mixamorig:RightHandMiddle4","Armature/mixamorig:Hips/mixamorig:Spine/mixamorig:Spine1/mixamorig:Spine2/mixamorig:RightShoulder/mixamorig:RightArm/mixamorig:RightForeArm/mixamorig:RightHand/mixamorig:RightHandRing1","Armature/mixamorig:Hips/mixamorig:Spine/mixamorig:Spine1/mixamorig:Spine2/mixamorig:RightShoulder/mixamorig:RightArm/mixamorig:RightForeArm/mixamorig:RightHand/mixamorig:RightHandRing1/mixamorig:RightHandRing2","Armature/mixamorig:Hips/mixamorig:Spine/mixamorig:Spine1/mixamorig:Spine2/mixamorig:RightShoulder/mixamorig:RightArm/mixamorig:RightForeArm/mixamorig:RightHand/mixamorig:RightHandRing1/mixamorig:RightHandRing2/mixamorig:RightHandRing3","Armature/mixamorig:Hips/mixamorig:Spine/mixamorig:Spine1/mixamorig:Spine2/mixamorig:RightShoulder/mixamorig:RightArm/mixamorig:RightForeArm/mixamorig:RightHand/mixamorig:RightHandRing1/mixamorig:RightHandRing2/mixamorig:RightHandRing3/mixamorig:RightHandRing4","Armature/mixamorig:Hips/mixamorig:LeftUpLeg","Armature/mixamorig:Hips/mixamorig:LeftUpLeg/mixamorig:LeftLeg","Armature/mixamorig:Hips/mixamorig:LeftUpLeg/mixamorig:LeftLeg/mixamorig:LeftFoot","Armature/mixamorig:Hips/mixamorig:LeftUpLeg/mixamorig:LeftLeg/mixamorig:LeftFoot/mixamorig:LeftToeBase","Armature/mixamorig:Hips/mixamorig:LeftUpLeg/mixamorig:LeftLeg/mixamorig:LeftFoot/mixamorig:LeftToeBase/mixamorig:LeftToe_End","Armature/mixamorig:Hips/mixamorig:RightUpLeg","Armature/mixamorig:Hips/mixamorig:RightUpLeg/mixamorig:RightLeg","Armature/mixamorig:Hips/mixamorig:RightUpLeg/mixamorig:RightLeg/mixamorig:RightFoot","Armature/mixamorig:Hips/mixamorig:RightUpLeg/mixamorig:RightLeg/mixamorig:RightFoot/mixamorig:RightToeBase","Armature/mixamorig:Hips/mixamorig:RightUpLeg/mixamorig:RightLeg/mixamorig:RightFoot/mixamorig:RightToeBase/mixamorig:RightToe_End"],[[[7,0.6638193726539612,-0.582152783870697,-0.46951231360435486,0,0.006551807746291161,0.6322826147079468,-0.774709939956665,0,0.7478641271591187,0.5111913681030273,0.42353564500808716,0,1.3635896444320679,4.647377967834473,0.3171519935131073,1],[7,0.6638193726539612,-0.4926365613937378,-0.5627192854881287,0,0.006551823578774929,0.7562079429626465,-0.6542984247207642,0,0.7478641271591187,0.4306492507457733,0.5052131414413452,0,1.3635896444320679,4.27391242980957,1.112452507019043,1],[7,0.6638193726539612,-0.4926365613937378,-0.5627192258834839,0,0.0065518333576619625,0.7562078833580017,-0.6542984247207642,0,0.7478641271591187,0.4306492805480957,0.5052131414413452,0,1.3635896444320679,3.9828426837921143,1.1124522686004639,1],[7,0.6638193726539612,-0.49263668060302734,-0.5627193450927734,0,0.006551837548613548,0.7562080025672913,-0.6542985439300537,0,0.7478641867637634,0.4306493401527405,0.50521320104599,0,1.3635896444320679,3.650191307067871,1.112452507019043,1],[7,0.6638193726539612,-0.5821528434753418,-0.46951231360435486,0,0.00655182683840394,0.6322826743125916,-0.7747098803520203,0,0.7478641271591187,0.5111914277076721,0.42353567481040955,0,1.3635896444320679,3.418558120727539,0.5318965911865234,1],[7,0.6638193726539612,-0.5821528434753418,-0.46951231360435486,0,0.006551799364387989,0.6322826743125916,-0.774709939956665,0,0.7478641271591187,0.5111914277076721,0.42353564500808716,0,1.3635896444320679,2.9447104930877686,0.5049920082092285,1],[7,0.6638193726539612,-0.5821528434753418,-0.46951231360435486,0,0.006551799364387989,0.6322826743125916,-0.774709939956665,0,0.7478641271591187,0.5111914277076721,0.42353564500808716,0,1.3635896444320679,-0.31093621253967285,0.3201397657394409,1],[7,0.5378983020782471,0.754326343536377,0.3763731122016907,0,0.6543468236923218,-0.09210903197526932,-0.7505635619163513,0,-0.5315024852752686,0.650005578994751,-0.5431365966796875,0,-1.157560110092163,0.39559489488601685,-3.4453365802764893,1],[7,0.39545756578445435,0.918484091758728,0.00029543612617999315,0,0.8540709018707275,-0.3676058053970337,-0.36800622940063477,0,-0.3378993570804596,0.1457832157611847,-0.9298232197761536,0,-0.03756535053253174,-2.379577875137329,-2.772390127182007,1],[7,0.4911377727985382,0.7773984670639038,-0.39298203587532043,0,-0.4169379770755768,-0.18630941212177277,-0.8896353244781494,0,-0.7648176550865173,0.6007826924324036,0.23262345790863037,0,-3.828968048095703,-1.1608555316925049,-0.27033713459968567,1],[7,0.31871604919433594,0.7756580710411072,0.5447701215744019,0,0.6835872530937195,0.21004101634025574,-0.6989926695823669,0,-0.6566033959388733,0.5951782464981079,-0.4632866680622101,0,-0.7507489323616028,-0.7662015557289124,-4.020917892456055,1],[7,0.8267806768417358,0.5003530979156494,0.2570613622665405,0,0.540066123008728,-0.8338775038719177,-0.11391448229551315,0,0.15736024081707,0.23301242291927338,-0.9596577286720276,0,-1.014578104019165,-2.9737014770507812,-2.843858003616333,1],[7,0.8267806172370911,0.4779976010322571,0.29656684398651123,0,0.5400660037994385,-0.8219779133796692,-0.1807776838541031,0,0.15736010670661926,0.3096291720867157,-0.937745988368988,0,-0.9882717132568359,-2.831789255142212,-3.08221435546875,1],[7,0.8267810344696045,0.3190443813800812,0.4632965922355652,0,0.5400661826133728,-0.68059241771698,-0.4950982630252838,0,0.1573578417301178,0.6595486998558044,-0.7350060939788818,0,-0.993022084236145,-1.4426642656326294,-3.9955050945281982,1],[7,0.8267810940742493,0.31904441118240356,0.46329665184020996,0,0.5400662422180176,-0.6805924773216248,-0.49509841203689575,0,0.1573578119277954,0.6595489382743835,-0.7350060343742371,0,-1.0145844221115112,-1.480641484260559,-3.9955060482025146,1],[7,0.5492487549781799,0.713288426399231,0.4353681802749634,0,0.7148839831352234,-0.13127025961875916,-0.6868107914924622,0,-0.4327433705329895,0.6884675621986389,-0.5820186734199524,0,-0.8671113848686218,-1.291538119316101,-3.858006000518799,1],[7,0.5492486953735352,0.7193398475646973,0.4252949059009552,0,0.7148839235305786,-0.14091500639915466,-0.6848968267440796,0,-0.4327434003353119,0.6802149415016174,-0.5916420817375183,0,-0.8669916391372681,-1.4718025922775269,-3.8376879692077637,1],[7,0.5492488145828247,0.5515874624252319,0.6277555227279663,0,0.7148838639259338,0.07886961847543716,-0.6947810053825378,0,-0.4327434003353119,0.8303797841072083,-0.3510020077228546,0,-0.8669314384460449,-0.3150561451911926,-4.140528678894043,1],[7,0.5492488145828247,0.5515874624252319,0.6277555227279663,0,0.7148838043212891,0.07886961102485657,-0.6947810053825378,0,-0.4327433705329895,0.8303797841072083,-0.3510019779205322,0,-0.86711186170578,-0.39183172583580017,-4.140528202056885,1],[7,0.5126438140869141,0.7265156507492065,0.4575712978839874,0,0.7148017287254333,-0.06589009612798691,-0.6962162256240845,0,-0.4756625294685364,0.6839836835861206,-0.5530928373336792,0,-0.9789705276489258,-1.1997331380844116,-3.88873028755188,1],[7,0.5126438140869141,0.7542943358421326,0.4101664125919342,0,0.7148018479347229,-0.11028528213500977,-0.6905762553215027,0,-0.4756624400615692,0.6472072601318359,-0.5957081317901611,0,-0.9789611101150513,-1.5721120834350586,-3.795950412750244,1],[7,0.5126438736915588,0.7762834429740906,0.3668519854545593,0,0.7148019075393677,-0.14916342496871948,-0.6832338571548462,0,-0.4756622612476349,0.6124821305274963,-0.6313565969467163,0,-0.9789626002311707,-1.9053893089294434,-3.694105625152588,1],[7,0.5126438736915588,0.7762834429740906,0.36685195565223694,0,0.7148019075393677,-0.14916343986988068,-0.6832337975502014,0,-0.4756622612476349,0.6124821305274963,-0.6313566565513611,0,-0.9789698719978333,-1.9871712923049927,-3.694105863571167,1],[7,0.47530972957611084,0.7042585015296936,0.5273525714874268,0,0.7125254273414612,0.0434969998896122,-0.700296938419342,0,-0.516128420829773,0.7086098194122314,-0.4811275601387024,0,-1.0695515871047974,-0.8815982937812805,-4.002826690673828,1],[7,0.4753096103668213,0.7466866970062256,0.4653379023075104,0,0.7125252485275269,-0.016414988785982132,-0.701454222202301,0,-0.5161282420158386,0.6649729013442993,-0.539835512638092,0,-1.0694160461425781,-1.3085527420043945,-3.9054150581359863,1],[7,0.4753095805644989,0.8578622937202454,0.19532792270183563,0,0.712525486946106,-0.24508824944496155,-0.657448947429657,0,-0.5161281824111938,0.45166778564453125,-0.7277416586875916,0,-1.0693585872650146,-2.6070799827575684,-3.2300455570220947,1],[7,0.4753096103668213,0.8578622341156006,0.19532789289951324,0,0.7125254273414612,-0.24508827924728394,-0.6574490070343018,0,-0.5161281824111938,0.45166778564453125,-0.7277416586875916,0,-1.069550633430481,-2.6679251194000244,-3.2300455570220947,1],[7,-0.5760921239852905,-0.5621055960655212,0.5934264063835144,0,-0.6551052927970886,-0.11666407436132431,-0.7464759349822998,0,0.48883000016212463,-0.8187957406044006,-0.30102917551994324,0,1.0794509649276733,-2.2860960960388184,-3.0033249855041504,1],[7,-0.3076587915420532,-0.016848839819431305,0.9513475894927979,0,-0.88946133852005,-0.3500196039676666,-0.2938443422317505,0,0.3379412889480591,-0.9365906715393066,0.09270025044679642,0,-0.14160960912704468,-4.334474563598633,-0.8443363904953003,1],[7,-0.8385863304138184,-0.5063341856002808,-0.20099419355392456,0,0.3435835838317871,-0.205259770154953,-0.9164160490036011,0,0.42275694012641907,-0.8375521302223206,0.3460961580276489,0,3.149322271347046,-3.7842350006103516,-0.23375128209590912,1],[7,-0.7035306692123413,-0.4974474310874939,0.5075337886810303,0,-0.6776463985443115,0.2544163465499878,-0.6899765133857727,0,0.21410216391086578,-0.8293479681015015,-0.5160833597183228,0,-0.12272980809211731,-3.200719118118286,-4.197094917297363,1],[7,0.1452137529850006,-0.2365161031484604,0.9607150554656982,0,-0.5218973755836487,-0.8432417511940002,-0.12871000170707703,0,0.8405569791793823,-0.48270416259765625,-0.24588751792907715,0,2.806367874145508,-4.132648944854736,-1.891370177268982,1],[7,0.1452159285545349,-0.06180078536272049,0.9874681830406189,0,-0.5218967199325562,-0.8526880741119385,0.02338397689163685,0,0.8405570387840271,-0.5187520384788513,-0.1560775339603424,0,2.783856153488159,-4.481832981109619,-1.1116563081741333,1],[7,0.14521381258964539,-0.3958487808704376,0.9067619442939758,0,-0.5218971967697144,-0.8092495203018188,-0.2697002589702606,0,0.8405571579933167,-0.4340721666812897,-0.32410669326782227,0,2.777082681655884,-3.9249653816223145,-2.611785888671875,1],[7,0.14521384239196777,-0.3958487808704376,0.906761884689331,0,-0.5218973159790039,-0.8092495799064636,-0.26970019936561584,0,0.8405570983886719,-0.4340722858905792,-0.32410675287246704,0,2.806368589401245,-3.987643003463745,-2.611785650253296,1],[7,-0.4674757719039917,-0.610633134841919,0.639212965965271,0,-0.7236452102661133,-0.15098156034946442,-0.673454999923706,0,0.5077432990074158,-0.7773874998092651,-0.3713017404079437,0,1.0010852813720703,-3.921567916870117,-3.489320993423462,1],[7,-0.4674758315086365,-0.5581508874893188,0.6855173707008362,0,-0.7236453294754028,-0.20378586649894714,-0.6594001054763794,0,0.5077433586120605,-0.8043250441551208,-0.30863845348358154,0,1.0010751485824585,-4.309548377990723,-3.1582889556884766,1],[7,-0.4674757719039917,-0.740804135799408,0.48236462473869324,0,-0.7236454486846924,0.007277090102434158,-0.6901333928108215,0,0.5077434182167053,-0.6716817021369934,-0.539481520652771,0,1.0012234449386597,-3.260655164718628,-4.362152576446533,1],[7,-0.4674758017063141,-0.7408040165901184,0.4823647737503052,0,-0.7236453890800476,0.007276964373886585,-0.6901333928108215,0,0.5077433586120605,-0.671681821346283,-0.5394814014434814,0,1.0010851621627808,-3.3535377979278564,-4.362151145935059,1],[7,-0.48120754957199097,-0.612951934337616,0.6266807913780212,0,-0.7238272428512573,-0.12542901933193207,-0.6784845590591431,0,0.4944823980331421,-0.7801006436347961,-0.3833140730857849,0,1.086047649383545,-3.8996775150299072,-3.5500783920288086,1],[7,-0.4812075197696686,-0.5561923980712891,0.6775614023208618,0,-0.7238273620605469,-0.18389751017093658,-0.6650229096412659,0,0.4944824278354645,-0.8104515671730042,-0.31409454345703125,0,1.0858350992202759,-4.306787490844727,-3.1879844665527344,1],[7,-0.48120754957199097,-0.42661988735198975,0.7657904624938965,0,-0.7238273620605469,-0.29940345883369446,-0.6216359734535217,0,0.49448248744010925,-0.8534360527992249,-0.16472402215003967,0,1.0858098268508911,-4.930523872375488,-2.347348690032959,1],[7,-0.4812074899673462,-0.42661982774734497,0.7657904028892517,0,-0.7238273620605469,-0.29940342903137207,-0.6216360330581665,0,0.49448245763778687,-0.8534359335899353,-0.16472400724887848,0,1.0860474109649658,-5.005807399749756,-2.347348213195801,1],[7,-0.5897339582443237,-0.5206645727157593,0.6173509359359741,0,-0.7148556709289551,-0.019128864631056786,-0.6990101933479309,0,0.3757590055465698,-0.8535469770431519,-0.3609192371368408,0,0.6861615777015686,-4.072188854217529,-3.4814281463623047,1],[7,-0.5897340774536133,-0.5172982215881348,0.6201743483543396,0,-0.7148554921150208,-0.02293151617050171,-0.6988958120346069,0,0.3757590353488922,-0.8554979562759399,-0.35627007484436035,0,0.6865801811218262,-4.198737144470215,-3.458634853363037,1],[7,-0.5897341370582581,-0.6146438717842102,0.5238572955131531,0,-0.714855432510376,0.09548144042491913,-0.6927226185798645,0,0.3757590055465698,-0.7830045819282532,-0.49569034576416016,0,0.6869738101959229,-3.6548337936401367,-4.135600566864014,1],[7,-0.5897340178489685,-0.6146438121795654,0.5238572359085083,0,-0.714855432510376,0.09548140317201614,-0.692722499370575,0,0.37575897574424744,-0.7830044627189636,-0.4956902861595154,0,0.6861617565155029,-3.735680341720581,-4.135599613189697,1],[7,-0.663819432258606,0.5975692868232727,-0.44973573088645935,0,-0.0065518515184521675,-0.6059492826461792,-0.7954909801483154,0,-0.7478640675544739,-0.5251060724258423,0.40616366267204285,0,-0.731718897819519,-4.7927727699279785,0.1838049292564392,1],[7,-0.801893949508667,0.4035908281803131,-0.44055360555648804,0,0.15934909880161285,-0.5661758780479431,-0.8087499141693115,0,-0.5758243799209595,-0.7187203764915466,0.3897084891796112,0,0.7615500688552856,-5.359028339385986,0.060351595282554626,1],[7,-0.8950057625770569,0.08664003014564514,-0.4375650882720947,0,-0.08121597766876221,-0.9962210059165955,-0.031132185831665993,0,-0.438602089881897,0.0076738158240914345,0.8986543416976929,0,0.7464959025382996,-3.48091197013855,4.447040557861328,1],[7,-0.5009821057319641,-0.5286476612091064,-0.685243546962738,0,-0.050228796899318695,-0.7726895809173584,0.6328107118606567,0,-0.8639987111091614,0.3514522612094879,0.3605438470840454,0,-1.8503831624984741,-0.01981508731842041,5.677766799926758,1],[7,-0.5009822845458984,-0.5286475419998169,-0.6852437257766724,0,-0.05022898316383362,-0.772689700126648,0.6328107714653015,0,-0.8639988899230957,0.35145238041877747,0.3605438768863678,0,-1.8503841161727905,-0.26641860604286194,5.677767276763916,1],[7,-0.6638193726539612,0.5989295244216919,-0.4480290412902832,0,-0.006551916245371103,-0.6035364270210266,-0.7975123524665833,0,-0.7478641271591187,-0.5263344645500183,0.4046665132045746,0,-1.9954603910446167,-4.7934980392456055,0.17448236048221588,1],[7,-0.4747304916381836,0.7617530226707458,-0.4409795105457306,0,-0.17134487628936768,-0.571316659450531,-0.8028496503829956,0,-0.863291323184967,-0.3054996728897095,0.4018465280532837,0,-3.3854751586914062,-4.6125407218933105,0.13167203962802887,1],[7,-0.3254293203353882,0.013002756983041763,-0.9455581307411194,0,0.07029362767934799,-0.9969567060470581,-0.03790342062711716,0,-0.9429721832275391,-0.07880529016256332,0.3234962522983551,0,-3.2767419815063477,-3.6437690258026123,3.3859972953796387,1],[7,-0.8010756373405457,-0.40303701162338257,-0.4426325261592865,0,0.03682892024517059,-0.7714617252349854,0.6354458332061768,0,-0.5974317789077759,0.4928613007068634,0.6326829195022583,0,-0.8030559420585632,0.24472582340240479,6.173480987548828,1],[7,-0.8010762929916382,-0.4030369818210602,-0.44263142347335815,0,0.036829739809036255,-0.7714617252349854,0.6354458332061768,0,-0.5974308848381042,0.4928613603115082,0.6326837539672852,0,-0.8030372858047485,0.005430218763649464,6.173474311828613,1]],8,8,8,8,8,8,8,8,8,8,8,8,8,8,8,8,8,8,8,8,8,8,8,8,8,8,8,8,8,8,8,8,8,8,8,8,8,8,8,8,8,8,8,8,8,8,8,8,8,8,8,8,8,8,8,8,8]]],0,0,[],[],[]]
