[1,0,0,[["cc.Skeleton",["_name","_hash","_joints","_bindposes"],0,12]],[[0,0,1,2,3,4]],[[0,"Skin-6",2815393054,["Armature/mixamorig:Hips","Armature/mixamorig:Hips/mixamorig:Spine","Armature/mixamorig:Hips/mixamorig:Spine/mixamorig:Spine1","Armature/mixamorig:Hips/mixamorig:Spine/mixamorig:Spine1/mixamorig:Spine2","Armature/mixamorig:Hips/mixamorig:Spine/mixamorig:Spine1/mixamorig:Spine2/mixamorig:Neck","Armature/mixamorig:Hips/mixamorig:Spine/mixamorig:Spine1/mixamorig:Spine2/mixamorig:Neck/mixamorig:Head","Armature/mixamorig:Hips/mixamorig:Spine/mixamorig:Spine1/mixamorig:Spine2/mixamorig:Neck/mixamorig:Head/mixamorig:HeadTop_End","Armature/mixamorig:Hips/mixamorig:Spine/mixamorig:Spine1/mixamorig:Spine2/mixamorig:LeftShoulder","Armature/mixamorig:Hips/mixamorig:Spine/mixamorig:Spine1/mixamorig:Spine2/mixamorig:LeftShoulder/mixamorig:LeftArm","Armature/mixamorig:Hips/mixamorig:Spine/mixamorig:Spine1/mixamorig:Spine2/mixamorig:LeftShoulder/mixamorig:LeftArm/mixamorig:LeftForeArm","Armature/mixamorig:Hips/mixamorig:Spine/mixamorig:Spine1/mixamorig:Spine2/mixamorig:LeftShoulder/mixamorig:LeftArm/mixamorig:LeftForeArm/mixamorig:LeftHand","Armature/mixamorig:Hips/mixamorig:Spine/mixamorig:Spine1/mixamorig:Spine2/mixamorig:LeftShoulder/mixamorig:LeftArm/mixamorig:LeftForeArm/mixamorig:LeftHand/mixamorig:LeftHandThumb1","Armature/mixamorig:Hips/mixamorig:Spine/mixamorig:Spine1/mixamorig:Spine2/mixamorig:LeftShoulder/mixamorig:LeftArm/mixamorig:LeftForeArm/mixamorig:LeftHand/mixamorig:LeftHandThumb1/mixamorig:LeftHandThumb2","Armature/mixamorig:Hips/mixamorig:Spine/mixamorig:Spine1/mixamorig:Spine2/mixamorig:LeftShoulder/mixamorig:LeftArm/mixamorig:LeftForeArm/mixamorig:LeftHand/mixamorig:LeftHandThumb1/mixamorig:LeftHandThumb2/mixamorig:LeftHandThumb3","Armature/mixamorig:Hips/mixamorig:Spine/mixamorig:Spine1/mixamorig:Spine2/mixamorig:LeftShoulder/mixamorig:LeftArm/mixamorig:LeftForeArm/mixamorig:LeftHand/mixamorig:LeftHandThumb1/mixamorig:LeftHandThumb2/mixamorig:LeftHandThumb3/mixamorig:LeftHandThumb4","Armature/mixamorig:Hips/mixamorig:Spine/mixamorig:Spine1/mixamorig:Spine2/mixamorig:LeftShoulder/mixamorig:LeftArm/mixamorig:LeftForeArm/mixamorig:LeftHand/mixamorig:LeftHandIndex1","Armature/mixamorig:Hips/mixamorig:Spine/mixamorig:Spine1/mixamorig:Spine2/mixamorig:LeftShoulder/mixamorig:LeftArm/mixamorig:LeftForeArm/mixamorig:LeftHand/mixamorig:LeftHandIndex1/mixamorig:LeftHandIndex2","Armature/mixamorig:Hips/mixamorig:Spine/mixamorig:Spine1/mixamorig:Spine2/mixamorig:LeftShoulder/mixamorig:LeftArm/mixamorig:LeftForeArm/mixamorig:LeftHand/mixamorig:LeftHandIndex1/mixamorig:LeftHandIndex2/mixamorig:LeftHandIndex3","Armature/mixamorig:Hips/mixamorig:Spine/mixamorig:Spine1/mixamorig:Spine2/mixamorig:LeftShoulder/mixamorig:LeftArm/mixamorig:LeftForeArm/mixamorig:LeftHand/mixamorig:LeftHandIndex1/mixamorig:LeftHandIndex2/mixamorig:LeftHandIndex3/mixamorig:LeftHandIndex4","Armature/mixamorig:Hips/mixamorig:Spine/mixamorig:Spine1/mixamorig:Spine2/mixamorig:LeftShoulder/mixamorig:LeftArm/mixamorig:LeftForeArm/mixamorig:LeftHand/mixamorig:LeftHandMiddle1","Armature/mixamorig:Hips/mixamorig:Spine/mixamorig:Spine1/mixamorig:Spine2/mixamorig:LeftShoulder/mixamorig:LeftArm/mixamorig:LeftForeArm/mixamorig:LeftHand/mixamorig:LeftHandMiddle1/mixamorig:LeftHandMiddle2","Armature/mixamorig:Hips/mixamorig:Spine/mixamorig:Spine1/mixamorig:Spine2/mixamorig:LeftShoulder/mixamorig:LeftArm/mixamorig:LeftForeArm/mixamorig:LeftHand/mixamorig:LeftHandMiddle1/mixamorig:LeftHandMiddle2/mixamorig:LeftHandMiddle3","Armature/mixamorig:Hips/mixamorig:Spine/mixamorig:Spine1/mixamorig:Spine2/mixamorig:LeftShoulder/mixamorig:LeftArm/mixamorig:LeftForeArm/mixamorig:LeftHand/mixamorig:LeftHandMiddle1/mixamorig:LeftHandMiddle2/mixamorig:LeftHandMiddle3/mixamorig:LeftHandMiddle4","Armature/mixamorig:Hips/mixamorig:Spine/mixamorig:Spine1/mixamorig:Spine2/mixamorig:LeftShoulder/mixamorig:LeftArm/mixamorig:LeftForeArm/mixamorig:LeftHand/mixamorig:LeftHandRing1","Armature/mixamorig:Hips/mixamorig:Spine/mixamorig:Spine1/mixamorig:Spine2/mixamorig:LeftShoulder/mixamorig:LeftArm/mixamorig:LeftForeArm/mixamorig:LeftHand/mixamorig:LeftHandRing1/mixamorig:LeftHandRing2","Armature/mixamorig:Hips/mixamorig:Spine/mixamorig:Spine1/mixamorig:Spine2/mixamorig:LeftShoulder/mixamorig:LeftArm/mixamorig:LeftForeArm/mixamorig:LeftHand/mixamorig:LeftHandRing1/mixamorig:LeftHandRing2/mixamorig:LeftHandRing3","Armature/mixamorig:Hips/mixamorig:Spine/mixamorig:Spine1/mixamorig:Spine2/mixamorig:LeftShoulder/mixamorig:LeftArm/mixamorig:LeftForeArm/mixamorig:LeftHand/mixamorig:LeftHandRing1/mixamorig:LeftHandRing2/mixamorig:LeftHandRing3/mixamorig:LeftHandRing4","Armature/mixamorig:Hips/mixamorig:Spine/mixamorig:Spine1/mixamorig:Spine2/mixamorig:RightShoulder","Armature/mixamorig:Hips/mixamorig:Spine/mixamorig:Spine1/mixamorig:Spine2/mixamorig:RightShoulder/mixamorig:RightArm","Armature/mixamorig:Hips/mixamorig:Spine/mixamorig:Spine1/mixamorig:Spine2/mixamorig:RightShoulder/mixamorig:RightArm/mixamorig:RightForeArm","Armature/mixamorig:Hips/mixamorig:Spine/mixamorig:Spine1/mixamorig:Spine2/mixamorig:RightShoulder/mixamorig:RightArm/mixamorig:RightForeArm/mixamorig:RightHand","Armature/mixamorig:Hips/mixamorig:Spine/mixamorig:Spine1/mixamorig:Spine2/mixamorig:RightShoulder/mixamorig:RightArm/mixamorig:RightForeArm/mixamorig:RightHand/mixamorig:RightHandThumb1","Armature/mixamorig:Hips/mixamorig:Spine/mixamorig:Spine1/mixamorig:Spine2/mixamorig:RightShoulder/mixamorig:RightArm/mixamorig:RightForeArm/mixamorig:RightHand/mixamorig:RightHandThumb1/mixamorig:RightHandThumb2","Armature/mixamorig:Hips/mixamorig:Spine/mixamorig:Spine1/mixamorig:Spine2/mixamorig:RightShoulder/mixamorig:RightArm/mixamorig:RightForeArm/mixamorig:RightHand/mixamorig:RightHandThumb1/mixamorig:RightHandThumb2/mixamorig:RightHandThumb3","Armature/mixamorig:Hips/mixamorig:Spine/mixamorig:Spine1/mixamorig:Spine2/mixamorig:RightShoulder/mixamorig:RightArm/mixamorig:RightForeArm/mixamorig:RightHand/mixamorig:RightHandThumb1/mixamorig:RightHandThumb2/mixamorig:RightHandThumb3/mixamorig:RightHandThumb4","Armature/mixamorig:Hips/mixamorig:Spine/mixamorig:Spine1/mixamorig:Spine2/mixamorig:RightShoulder/mixamorig:RightArm/mixamorig:RightForeArm/mixamorig:RightHand/mixamorig:RightHandIndex1","Armature/mixamorig:Hips/mixamorig:Spine/mixamorig:Spine1/mixamorig:Spine2/mixamorig:RightShoulder/mixamorig:RightArm/mixamorig:RightForeArm/mixamorig:RightHand/mixamorig:RightHandIndex1/mixamorig:RightHandIndex2","Armature/mixamorig:Hips/mixamorig:Spine/mixamorig:Spine1/mixamorig:Spine2/mixamorig:RightShoulder/mixamorig:RightArm/mixamorig:RightForeArm/mixamorig:RightHand/mixamorig:RightHandIndex1/mixamorig:RightHandIndex2/mixamorig:RightHandIndex3","Armature/mixamorig:Hips/mixamorig:Spine/mixamorig:Spine1/mixamorig:Spine2/mixamorig:RightShoulder/mixamorig:RightArm/mixamorig:RightForeArm/mixamorig:RightHand/mixamorig:RightHandIndex1/mixamorig:RightHandIndex2/mixamorig:RightHandIndex3/mixamorig:RightHandIndex4","Armature/mixamorig:Hips/mixamorig:Spine/mixamorig:Spine1/mixamorig:Spine2/mixamorig:RightShoulder/mixamorig:RightArm/mixamorig:RightForeArm/mixamorig:RightHand/mixamorig:RightHandMiddle1","Armature/mixamorig:Hips/mixamorig:Spine/mixamorig:Spine1/mixamorig:Spine2/mixamorig:RightShoulder/mixamorig:RightArm/mixamorig:RightForeArm/mixamorig:RightHand/mixamorig:RightHandMiddle1/mixamorig:RightHandMiddle2","Armature/mixamorig:Hips/mixamorig:Spine/mixamorig:Spine1/mixamorig:Spine2/mixamorig:RightShoulder/mixamorig:RightArm/mixamorig:RightForeArm/mixamorig:RightHand/mixamorig:RightHandMiddle1/mixamorig:RightHandMiddle2/mixamorig:RightHandMiddle3","Armature/mixamorig:Hips/mixamorig:Spine/mixamorig:Spine1/mixamorig:Spine2/mixamorig:RightShoulder/mixamorig:RightArm/mixamorig:RightForeArm/mixamorig:RightHand/mixamorig:RightHandMiddle1/mixamorig:RightHandMiddle2/mixamorig:RightHandMiddle3/mixamorig:RightHandMiddle4","Armature/mixamorig:Hips/mixamorig:Spine/mixamorig:Spine1/mixamorig:Spine2/mixamorig:RightShoulder/mixamorig:RightArm/mixamorig:RightForeArm/mixamorig:RightHand/mixamorig:RightHandRing1","Armature/mixamorig:Hips/mixamorig:Spine/mixamorig:Spine1/mixamorig:Spine2/mixamorig:RightShoulder/mixamorig:RightArm/mixamorig:RightForeArm/mixamorig:RightHand/mixamorig:RightHandRing1/mixamorig:RightHandRing2","Armature/mixamorig:Hips/mixamorig:Spine/mixamorig:Spine1/mixamorig:Spine2/mixamorig:RightShoulder/mixamorig:RightArm/mixamorig:RightForeArm/mixamorig:RightHand/mixamorig:RightHandRing1/mixamorig:RightHandRing2/mixamorig:RightHandRing3","Armature/mixamorig:Hips/mixamorig:Spine/mixamorig:Spine1/mixamorig:Spine2/mixamorig:RightShoulder/mixamorig:RightArm/mixamorig:RightForeArm/mixamorig:RightHand/mixamorig:RightHandRing1/mixamorig:RightHandRing2/mixamorig:RightHandRing3/mixamorig:RightHandRing4","Armature/mixamorig:Hips/mixamorig:LeftUpLeg","Armature/mixamorig:Hips/mixamorig:LeftUpLeg/mixamorig:LeftLeg","Armature/mixamorig:Hips/mixamorig:LeftUpLeg/mixamorig:LeftLeg/mixamorig:LeftFoot","Armature/mixamorig:Hips/mixamorig:LeftUpLeg/mixamorig:LeftLeg/mixamorig:LeftFoot/mixamorig:LeftToeBase","Armature/mixamorig:Hips/mixamorig:LeftUpLeg/mixamorig:LeftLeg/mixamorig:LeftFoot/mixamorig:LeftToeBase/mixamorig:LeftToe_End","Armature/mixamorig:Hips/mixamorig:RightUpLeg","Armature/mixamorig:Hips/mixamorig:RightUpLeg/mixamorig:RightLeg","Armature/mixamorig:Hips/mixamorig:RightUpLeg/mixamorig:RightLeg/mixamorig:RightFoot","Armature/mixamorig:Hips/mixamorig:RightUpLeg/mixamorig:RightLeg/mixamorig:RightFoot/mixamorig:RightToeBase","Armature/mixamorig:Hips/mixamorig:RightUpLeg/mixamorig:RightLeg/mixamorig:RightFoot/mixamorig:RightToeBase/mixamorig:RightToe_End"],[[[7,0.9999998807907104,-1.1175870895385742e-8,4.656612873077393e-10,0,-5.752548437598648e-10,-0.00980826374143362,0.9999518990516663,0,-1.1170767422186145e-8,-0.9999518990516663,-0.00980826374143362,0,0.011729500256478786,2.7141225337982178,1.5190303325653076,1],[7,0.9999998807907104,-1.1089192675228787e-8,-1.4651906354856692e-9,0,-5.752550102933185e-10,-0.18180124461650848,0.9833353161811829,0,-1.1170768310364565e-8,-0.9833354353904724,-0.1818012297153473,0,0.011729500256478786,2.1626179218292236,1.9635827541351318,1],[7,0.9999998807907104,-1.1089191787050368e-8,-1.4651901913964593e-9,0,-5.752547882487136e-10,-0.1818011999130249,0.9833353161811829,0,-1.1170767422186145e-8,-0.9833354353904724,-0.1818011850118637,0,0.011729500256478786,1.8715479373931885,1.9635827541351318,1],[7,0.9999998807907104,-1.1089193563407207e-8,-1.4651901913964593e-9,0,-5.752546772264111e-10,-0.1818011999130249,0.9833354949951172,0,-1.1170768310364565e-8,-0.9833356142044067,-0.1818011850118637,0,0.011729500256478786,1.538895845413208,1.9635831117630005,1],[7,0.9999998807907104,-1.1175872671742582e-8,4.656610097519831e-10,0,-5.752548437598648e-10,-0.00980828795582056,0.9999518990516663,0,-1.1170767422186145e-8,-0.9999520182609558,-0.009808287024497986,0,0.011729500256478786,1.4853025674819946,1.7337749004364014,1],[7,0.9999998807907104,-1.1175872671742582e-8,4.6566125955216364e-10,0,-5.752548437598648e-10,-0.009808264672756195,0.9999518990516663,0,-1.1170767422186145e-8,-0.9999520182609558,-0.00980826374143362,0,0.011729500256478786,1.0114550590515137,1.706870436668396,1],[7,0.9999998807907104,-1.1175872671742582e-8,4.6566125955216364e-10,0,-5.752548437598648e-10,-0.009808264672756195,0.9999518990516663,0,-1.1170767422186145e-8,-0.9999520182609558,-0.00980826374143362,0,0.011729500256478786,-2.2441916465759277,1.5220180749893188,1],[7,-0.03613719716668129,0.9862488508224487,-0.16126614809036255,0,-0.98286372423172,-0.005887527018785477,0.1842382252216339,0,0.18075527250766754,0.16516053676605225,0.9695614576339722,0,-1.9612720012664795,-0.6275279521942139,-1.1395223140716553,1],[7,0.015405325219035149,0.7163251638412476,-0.6975964903831482,0,-0.9917388558387756,-0.07791000604629517,-0.10190268605947495,0,-0.1273452192544937,0.693403422832489,0.70920729637146,0,-1.5137664079666138,-2.1107730865478516,-0.5910856127738953,1],[7,-0.2486846148967743,0.9641353487968445,-0.09272712469100952,0,-0.22228087484836578,0.03637098893523216,0.9743039608001709,0,0.9427337646484375,0.26290586590766907,0.20526403188705444,0,-1.9527935981750488,-1.9146900177001953,1.4388190507888794,1],[7,-0.2750014662742615,0.9613854885101318,0.010573795065283775,0,-0.9563994407653809,-0.27466726303100586,0.09928598999977112,0,0.09835638850927353,0.017191024497151375,0.9950027465820312,0,-1.3575615882873535,-2.3681390285491943,-2.002232789993286,1],[7,0.6700555682182312,0.5009423494338989,-0.547797679901123,0,-0.7393126487731934,0.5166161060333252,-0.4318851828575134,0,0.06665150821208954,0.6943807005882263,0.7165145874023438,0,-2.6948771476745605,-1.686064600944519,-1.2538573741912842,1],[7,0.6700554490089417,0.5434792041778564,-0.5056242346763611,0,-0.7393125891685486,0.5497562289237976,-0.38882511854171753,0,0.06665171682834625,0.6343487501144409,0.7701683640480042,0,-2.668569803237915,-1.6765429973602295,-1.3935705423355103,1],[7,0.670054018497467,0.7005816102027893,-0.24538321793079376,0,-0.7393138408660889,0.659512996673584,-0.1358591616153717,0,0.06665299832820892,0.27244818210601807,0.9598591327667236,0,-2.6733174324035645,-1.0611557960510254,-1.9853874444961548,1],[7,0.670054018497467,0.7005817890167236,-0.24538317322731018,0,-0.7393139600753784,0.6595131158828735,-0.13585905730724335,0,0.06665303558111191,0.2724481523036957,0.9598592519760132,0,-2.6948797702789307,-1.0991332530975342,-1.985388159751892,1],[7,0.04565250873565674,0.987514853477478,-0.15076489746570587,0,-0.9940689206123352,0.05982142686843872,0.09082241356372833,0,0.09870746731758118,0.14572438597679138,0.984389066696167,0,-1.9527151584625244,-2.273500442504883,-1.651938796043396,1],[7,0.045652467757463455,0.985296905040741,-0.16463622450828552,0,-0.9940688610076904,0.06109258532524109,0.08997222781181335,0,0.09870745986700058,0.15955223143100739,0.9822423458099365,0,-1.9525952339172363,-2.4226460456848145,-1.61803138256073,1],[7,0.04565253108739853,0.9876825213432312,0.14966236054897308,0,-0.9940688610076904,0.030112724751234055,0.10450150817632675,0,0.09870757907629013,-0.15354542434215546,0.9831992983818054,0,-1.9525349140167236,-1.9085218906402588,-2.326183795928955,1],[7,0.04565252736210823,0.9876825213432312,0.14966239035129547,0,-0.9940688610076904,0.030112719163298607,0.10450151562690735,0,0.09870758652687073,-0.15354545414447784,0.9831992983818054,0,-1.952715277671814,-1.985297679901123,-2.326183319091797,1],[7,-0.010744810104370117,0.9933703541755676,-0.11445507407188416,0,-0.994989812374115,0.0007566793356090784,0.09997496753931046,0,0.09939876198768616,0.1149558275938034,0.9883853197097778,0,-1.988128900527954,-2.320834159851074,-1.7128974199295044,1],[7,-0.010744718834757805,0.9840157628059387,-0.17775686085224152,0,-0.994989812374115,0.007149614859372377,0.09972173720598221,0,0.0993986502289772,0.17793773114681244,0.9790089130401611,0,-1.9881198406219482,-2.551750898361206,-1.5528669357299805,1],[7,-0.01074458472430706,0.9723881483078003,-0.23312199115753174,0,-0.994989812374115,0.012777900323271751,0.0991576537489891,0,0.09939855337142944,0.23301942646503448,0.967379093170166,0,-1.9881216287612915,-2.756605625152588,-1.399209976196289,1],[7,-0.010744583792984486,0.9723881483078003,-0.23312202095985413,0,-0.994989812374115,0.012777898460626602,0.09915763139724731,0,0.09939853101968765,0.23301945626735687,0.967379093170166,0,-1.988128900527954,-2.8383877277374268,-1.3992100954055786,1],[7,-0.06580572575330734,0.9977293014526367,-0.014339489862322807,0,-0.9928325414657593,-0.06403235346078873,0.10091588646173477,0,0.09976855665445328,0.020877547562122345,0.9947919249534607,0,-2.0009310245513916,-2.268444776535034,-1.9488775730133057,1],[7,-0.06580573320388794,0.9928669929504395,-0.09941907972097397,0,-0.992832362651825,-0.05518813803792,0.10601141303777695,0,0.0997685045003891,0.1056826189160347,0.9893823862075806,0,-2.000795602798462,-2.515087127685547,-1.7406238317489624,1],[7,-0.06580568850040436,0.905646026134491,-0.4188969135284424,0,-0.9928324222564697,-0.017452428117394447,0.1182350441813469,0,0.09976834058761597,0.42367488145828247,0.9003033638000488,0,-2.0007386207580566,-3.0386545658111572,-0.7895967960357666,1],[7,-0.06580568104982376,0.9056459665298462,-0.4188969135284424,0,-0.9928324222564697,-0.01745242066681385,0.11823505163192749,0,0.09976834803819656,0.4236748516559601,0.9003033638000488,0,-2.0009305477142334,-3.0994997024536133,-0.7895965576171875,1],[7,-0.02113480120897293,-0.9862489104270935,0.16390827298164368,0,0.9833110570907593,0.00912613794207573,0.18170364201068878,0,-0.18070091307163239,0.16501307487487793,0.969596803188324,0,1.9612370729446411,-0.6246323585510254,-1.1401275396347046,1],[7,0.04267669841647148,-0.7139204740524292,0.6989250183105469,0,0.9786725640296936,-0.11082901805639267,-0.1729651391506195,0,0.20094452798366547,0.6914002299308777,0.6939647793769836,0,1.3815332651138306,-2.1762137413024902,-0.6669722199440002,1],[7,-0.23825404047966003,-0.9638345241546631,0.1194048747420311,0,0.29754823446273804,0.04459289461374283,0.9536647796630859,0,-0.924500048160553,0.26274314522743225,0.2761628329753876,0,2.0583395957946777,-1.9219993352890015,1.299659252166748,1],[7,-0.31133782863616943,-0.948788046836853,-0.053570061922073364,0,0.9450422525405884,-0.31504449248313904,0.08741948008537292,0,-0.09981951117515564,-0.023408977314829826,0.9947303533554077,0,1.260055661201477,-2.3476686477661133,-2.1067066192626953,1],[7,0.7215988039970398,-0.5235258936882019,0.4530075788497925,0,0.6919634342193604,0.5661450028419495,-0.4479582607746124,0,-0.021950233727693558,0.6367107033729553,0.7707905769348145,0,2.633429527282715,-1.5104153156280518,-1.5696556568145752,1],[7,0.7216002941131592,-0.43456730246543884,0.5389289259910583,0,0.6919620037078857,0.477405846118927,-0.5415464639663696,0,-0.02194943279027939,0.7636983394622803,0.6452003717422485,0,2.610915422439575,-1.844199299812317,-1.2616519927978516,1],[7,0.7215989828109741,-0.5927011966705322,0.3577713668346405,0,0.6919633746147156,0.6338492035865784,-0.34557488560676575,0,-0.021950434893369675,0.4969310164451599,0.8675127625465393,0,2.6041436195373535,-1.3951339721679688,-1.8504977226257324,1],[7,0.7215989232063293,-0.5927013158798218,0.35777127742767334,0,0.6919633746147156,0.6338491439819336,-0.3455750048160553,0,-0.021950284019112587,0.4969310760498047,0.8675127625465393,0,2.633429765701294,-1.4578109979629517,-1.8504977226257324,1],[7,0.06466236710548401,-0.9877195954322815,0.14222635328769684,0,0.9943732619285583,0.07575925439596176,0.07403939217329025,0,-0.08390511572360992,0.1366385519504547,0.9870612621307373,0,1.9663711786270142,-2.231289863586426,-1.6946914196014404,1],[7,0.0646623820066452,-0.9733724594116211,0.21991975605487823,0,0.9943734407424927,0.08137911558151245,0.0678139328956604,0,-0.08390507102012634,0.214297354221344,0.9731582999229431,0,1.9663612842559814,-2.482593536376953,-1.5030022859573364,1],[7,0.0646623894572258,-0.9940391778945923,-0.0877775177359581,0,0.9943734407424927,0.056787777692079544,0.08942276984453201,0,-0.08390503376722336,-0.09306593984365463,0.9921184182167053,0,1.9665095806121826,-2.0263419151306152,-2.228093147277832,1],[7,0.0646623820066452,-0.9940391778945923,-0.08777730166912079,0,0.9943734407424927,0.05678778514266014,0.08942274749279022,0,-0.08390502631664276,-0.09306572377681732,0.9921184778213501,0,1.9663711786270142,-2.1192243099212646,-2.2280924320220947,1],[7,0.04562841355800629,-0.9911205172538757,0.12489072978496552,0,0.9953342080116272,0.055745888501405716,0.0787518098950386,0,-0.08501467853784561,0.1207147091627121,0.989040195941925,0,2.076105833053589,-2.259829521179199,-1.7224584817886353,1],[7,0.04562840610742569,-0.9765238165855408,0.21052126586437225,0,0.995334267616272,0.062376584857702255,0.0736110731959343,0,-0.08501454442739487,0.20618030428886414,0.974814236164093,0,2.0758938789367676,-2.5143661499023438,-1.5097336769104004,1],[7,0.045628443360328674,-0.923414409160614,0.3810825049877167,0,0.9953343272209167,0.0744900330901146,0.06132429838180542,0,-0.08501457422971725,0.37650635838508606,0.9225053191184998,0,2.0758683681488037,-2.8678507804870605,-1.0151772499084473,1],[7,0.045628443360328674,-0.9234142899513245,0.3810825049877167,0,0.995334267616272,0.0744900330901146,0.06132430210709572,0,-0.08501457422971725,0.37650632858276367,0.922505259513855,0,2.076105833053589,-2.9431347846984863,-1.0151771306991577,1],[7,-0.11514372378587723,-0.984089732170105,0.13531115651130676,0,0.988974928855896,-0.10079961270093918,0.10847906023263931,0,-0.09311380237340927,0.14631004631519318,0.9848469495773315,0,1.8702365159988403,-2.583775281906128,-1.6396610736846924,1],[7,-0.11514382809400558,-0.9833390712738037,0.14066308736801147,0,0.9889748692512512,-0.10020802170038223,0.10902607440948486,0,-0.09311401098966599,0.15166597068309784,0.9840362668037415,0,1.8706549406051636,-2.7003252506256104,-1.624993085861206,1],[7,-0.11514387279748917,-0.992967963218689,-0.027501072734594345,0,0.9889748692512512,-0.11718813329935074,0.09052783250808716,0,-0.09311402589082718,-0.016774149611592293,0.9955142736434937,0,1.8710485696792603,-2.4877705574035645,-2.075152635574341,1],[7,-0.11514384299516678,-0.9929678440093994,-0.02750108577311039,0,0.9889748096466064,-0.11718809604644775,0.09052781015634537,0,-0.09311401098966599,-0.016774168238043785,0.9955141544342041,0,1.8702363967895508,-2.568617105484009,-2.0751521587371826,1],[7,-0.9999998807907104,-5.6054741293110055e-8,4.2507476649689124e-8,0,4.382478380193788e-8,-0.02372790314257145,0.9997370839118958,0,-5.503036959453311e-8,0.9997185468673706,0.023728344589471817,0,0.6201410889625549,-2.9009058475494385,1.4498573541641235,1],[7,-0.961907148361206,-0.27330321073532104,-0.006297813728451729,0,0.006487259175628424,-0.045850470662117004,0.9989457130432129,0,-0.27329879999160767,0.9608345031738281,0.045877743512392044,0,1.5447243452072144,-3.199411630630493,1.3765090703964233,1],[7,-0.9226691126823425,0.05672526732087135,0.38140320777893066,0,0.2949495315551758,0.740953266620636,0.6033324003219604,0,-0.24837391078472137,0.669173002243042,-0.7003812193870544,0,1.8766655921936035,-1.367322325706482,3.322279691696167,1],[7,-0.9790444374084473,-0.0931505337357521,-0.18109412491321564,0,-0.09001688659191132,0.9956330060958862,-0.025455433875322342,0,0.18267114460468292,-0.008620628155767918,-0.9831362962722778,0,-0.28576332330703735,1.3049993515014648,4.002532005310059,1],[7,-0.9790446758270264,-0.09315038472414017,-0.18109411001205444,0,-0.09001675993204117,0.995633065700531,-0.025455374270677567,0,0.18267114460468292,-0.00862059649080038,-0.9831365346908569,0,-0.28576380014419556,1.0583957433700562,4.002532482147217,1],[7,-0.9999998807907104,7.836882076617258e-8,5.374856115736293e-8,0,5.16186808852126e-8,-0.02675705961883068,0.9998974204063416,0,7.977853044849326e-8,0.9996424913406372,0.026763886213302612,0,-0.6435999870300293,-2.905475616455078,1.4465630054473877,1],[7,-0.9618825316429138,0.273451030254364,0.00253572640940547,0,-0.007319370284676552,-0.035011157393455505,0.9996156692504883,0,0.273364782333374,0.9612489342689514,0.035687219351530075,0,-1.5688438415527344,-3.1780309677124023,1.4171257019042969,1],[7,-0.9207808375358582,-0.05683603510260582,-0.3859969675540924,0,-0.29859817028045654,0.7394875884056091,0.6035122871398926,0,0.251085102558136,0.6709919571876526,-0.6978151798248291,0,-1.9140697717666626,-1.3749547004699707,3.303804397583008,1],[7,-0.9783260226249695,0.09599504619836807,0.18349619209766388,0,0.09273793548345566,0.9955984950065613,-0.026140650734305382,0,-0.18515126407146454,-0.008559153415262699,-0.9826743006706238,0,0.2769721746444702,1.313917636871338,4.005423069000244,1],[7,-0.9783257842063904,0.09599509835243225,0.18349754810333252,0,0.09273794293403625,0.9955984950065613,-0.026140812784433365,0,-0.18515263497829437,-0.008559178560972214,-0.9826740622520447,0,0.27698779106140137,1.0746219158172607,4.0054144859313965,1]],8,8,8,8,8,8,8,8,8,8,8,8,8,8,8,8,8,8,8,8,8,8,8,8,8,8,8,8,8,8,8,8,8,8,8,8,8,8,8,8,8,8,8,8,8,8,8,8,8,8,8,8,8,8,8,8,8]]],0,0,[],[],[]]
