[1,0,0,[["cc.Skeleton",["_name","_hash","_joints","_bindposes"],0,12]],[[0,0,1,2,3,4]],[[0,"Skin-5",1727217376,["Armature/mixamorig:Hips","Armature/mixamorig:Hips/mixamorig:Spine","Armature/mixamorig:Hips/mixamorig:Spine/mixamorig:Spine1","Armature/mixamorig:Hips/mixamorig:Spine/mixamorig:Spine1/mixamorig:Spine2","Armature/mixamorig:Hips/mixamorig:Spine/mixamorig:Spine1/mixamorig:Spine2/mixamorig:Neck","Armature/mixamorig:Hips/mixamorig:Spine/mixamorig:Spine1/mixamorig:Spine2/mixamorig:Neck/mixamorig:Head","Armature/mixamorig:Hips/mixamorig:Spine/mixamorig:Spine1/mixamorig:Spine2/mixamorig:Neck/mixamorig:Head/mixamorig:HeadTop_End","Armature/mixamorig:Hips/mixamorig:Spine/mixamorig:Spine1/mixamorig:Spine2/mixamorig:LeftShoulder","Armature/mixamorig:Hips/mixamorig:Spine/mixamorig:Spine1/mixamorig:Spine2/mixamorig:LeftShoulder/mixamorig:LeftArm","Armature/mixamorig:Hips/mixamorig:Spine/mixamorig:Spine1/mixamorig:Spine2/mixamorig:LeftShoulder/mixamorig:LeftArm/mixamorig:LeftForeArm","Armature/mixamorig:Hips/mixamorig:Spine/mixamorig:Spine1/mixamorig:Spine2/mixamorig:LeftShoulder/mixamorig:LeftArm/mixamorig:LeftForeArm/mixamorig:LeftHand","Armature/mixamorig:Hips/mixamorig:Spine/mixamorig:Spine1/mixamorig:Spine2/mixamorig:LeftShoulder/mixamorig:LeftArm/mixamorig:LeftForeArm/mixamorig:LeftHand/mixamorig:LeftHandThumb1","Armature/mixamorig:Hips/mixamorig:Spine/mixamorig:Spine1/mixamorig:Spine2/mixamorig:LeftShoulder/mixamorig:LeftArm/mixamorig:LeftForeArm/mixamorig:LeftHand/mixamorig:LeftHandThumb1/mixamorig:LeftHandThumb2","Armature/mixamorig:Hips/mixamorig:Spine/mixamorig:Spine1/mixamorig:Spine2/mixamorig:LeftShoulder/mixamorig:LeftArm/mixamorig:LeftForeArm/mixamorig:LeftHand/mixamorig:LeftHandThumb1/mixamorig:LeftHandThumb2/mixamorig:LeftHandThumb3","Armature/mixamorig:Hips/mixamorig:Spine/mixamorig:Spine1/mixamorig:Spine2/mixamorig:LeftShoulder/mixamorig:LeftArm/mixamorig:LeftForeArm/mixamorig:LeftHand/mixamorig:LeftHandThumb1/mixamorig:LeftHandThumb2/mixamorig:LeftHandThumb3/mixamorig:LeftHandThumb4","Armature/mixamorig:Hips/mixamorig:Spine/mixamorig:Spine1/mixamorig:Spine2/mixamorig:LeftShoulder/mixamorig:LeftArm/mixamorig:LeftForeArm/mixamorig:LeftHand/mixamorig:LeftHandIndex1","Armature/mixamorig:Hips/mixamorig:Spine/mixamorig:Spine1/mixamorig:Spine2/mixamorig:LeftShoulder/mixamorig:LeftArm/mixamorig:LeftForeArm/mixamorig:LeftHand/mixamorig:LeftHandIndex1/mixamorig:LeftHandIndex2","Armature/mixamorig:Hips/mixamorig:Spine/mixamorig:Spine1/mixamorig:Spine2/mixamorig:LeftShoulder/mixamorig:LeftArm/mixamorig:LeftForeArm/mixamorig:LeftHand/mixamorig:LeftHandIndex1/mixamorig:LeftHandIndex2/mixamorig:LeftHandIndex3","Armature/mixamorig:Hips/mixamorig:Spine/mixamorig:Spine1/mixamorig:Spine2/mixamorig:LeftShoulder/mixamorig:LeftArm/mixamorig:LeftForeArm/mixamorig:LeftHand/mixamorig:LeftHandIndex1/mixamorig:LeftHandIndex2/mixamorig:LeftHandIndex3/mixamorig:LeftHandIndex4","Armature/mixamorig:Hips/mixamorig:Spine/mixamorig:Spine1/mixamorig:Spine2/mixamorig:LeftShoulder/mixamorig:LeftArm/mixamorig:LeftForeArm/mixamorig:LeftHand/mixamorig:LeftHandMiddle1","Armature/mixamorig:Hips/mixamorig:Spine/mixamorig:Spine1/mixamorig:Spine2/mixamorig:LeftShoulder/mixamorig:LeftArm/mixamorig:LeftForeArm/mixamorig:LeftHand/mixamorig:LeftHandMiddle1/mixamorig:LeftHandMiddle2","Armature/mixamorig:Hips/mixamorig:Spine/mixamorig:Spine1/mixamorig:Spine2/mixamorig:LeftShoulder/mixamorig:LeftArm/mixamorig:LeftForeArm/mixamorig:LeftHand/mixamorig:LeftHandMiddle1/mixamorig:LeftHandMiddle2/mixamorig:LeftHandMiddle3","Armature/mixamorig:Hips/mixamorig:Spine/mixamorig:Spine1/mixamorig:Spine2/mixamorig:LeftShoulder/mixamorig:LeftArm/mixamorig:LeftForeArm/mixamorig:LeftHand/mixamorig:LeftHandMiddle1/mixamorig:LeftHandMiddle2/mixamorig:LeftHandMiddle3/mixamorig:LeftHandMiddle4","Armature/mixamorig:Hips/mixamorig:Spine/mixamorig:Spine1/mixamorig:Spine2/mixamorig:LeftShoulder/mixamorig:LeftArm/mixamorig:LeftForeArm/mixamorig:LeftHand/mixamorig:LeftHandRing1","Armature/mixamorig:Hips/mixamorig:Spine/mixamorig:Spine1/mixamorig:Spine2/mixamorig:LeftShoulder/mixamorig:LeftArm/mixamorig:LeftForeArm/mixamorig:LeftHand/mixamorig:LeftHandRing1/mixamorig:LeftHandRing2","Armature/mixamorig:Hips/mixamorig:Spine/mixamorig:Spine1/mixamorig:Spine2/mixamorig:LeftShoulder/mixamorig:LeftArm/mixamorig:LeftForeArm/mixamorig:LeftHand/mixamorig:LeftHandRing1/mixamorig:LeftHandRing2/mixamorig:LeftHandRing3","Armature/mixamorig:Hips/mixamorig:Spine/mixamorig:Spine1/mixamorig:Spine2/mixamorig:LeftShoulder/mixamorig:LeftArm/mixamorig:LeftForeArm/mixamorig:LeftHand/mixamorig:LeftHandRing1/mixamorig:LeftHandRing2/mixamorig:LeftHandRing3/mixamorig:LeftHandRing4","Armature/mixamorig:Hips/mixamorig:Spine/mixamorig:Spine1/mixamorig:Spine2/mixamorig:RightShoulder","Armature/mixamorig:Hips/mixamorig:Spine/mixamorig:Spine1/mixamorig:Spine2/mixamorig:RightShoulder/mixamorig:RightArm","Armature/mixamorig:Hips/mixamorig:Spine/mixamorig:Spine1/mixamorig:Spine2/mixamorig:RightShoulder/mixamorig:RightArm/mixamorig:RightForeArm","Armature/mixamorig:Hips/mixamorig:Spine/mixamorig:Spine1/mixamorig:Spine2/mixamorig:RightShoulder/mixamorig:RightArm/mixamorig:RightForeArm/mixamorig:RightHand","Armature/mixamorig:Hips/mixamorig:Spine/mixamorig:Spine1/mixamorig:Spine2/mixamorig:RightShoulder/mixamorig:RightArm/mixamorig:RightForeArm/mixamorig:RightHand/mixamorig:RightHandThumb1","Armature/mixamorig:Hips/mixamorig:Spine/mixamorig:Spine1/mixamorig:Spine2/mixamorig:RightShoulder/mixamorig:RightArm/mixamorig:RightForeArm/mixamorig:RightHand/mixamorig:RightHandThumb1/mixamorig:RightHandThumb2","Armature/mixamorig:Hips/mixamorig:Spine/mixamorig:Spine1/mixamorig:Spine2/mixamorig:RightShoulder/mixamorig:RightArm/mixamorig:RightForeArm/mixamorig:RightHand/mixamorig:RightHandThumb1/mixamorig:RightHandThumb2/mixamorig:RightHandThumb3","Armature/mixamorig:Hips/mixamorig:Spine/mixamorig:Spine1/mixamorig:Spine2/mixamorig:RightShoulder/mixamorig:RightArm/mixamorig:RightForeArm/mixamorig:RightHand/mixamorig:RightHandThumb1/mixamorig:RightHandThumb2/mixamorig:RightHandThumb3/mixamorig:RightHandThumb4","Armature/mixamorig:Hips/mixamorig:Spine/mixamorig:Spine1/mixamorig:Spine2/mixamorig:RightShoulder/mixamorig:RightArm/mixamorig:RightForeArm/mixamorig:RightHand/mixamorig:RightHandIndex1","Armature/mixamorig:Hips/mixamorig:Spine/mixamorig:Spine1/mixamorig:Spine2/mixamorig:RightShoulder/mixamorig:RightArm/mixamorig:RightForeArm/mixamorig:RightHand/mixamorig:RightHandIndex1/mixamorig:RightHandIndex2","Armature/mixamorig:Hips/mixamorig:Spine/mixamorig:Spine1/mixamorig:Spine2/mixamorig:RightShoulder/mixamorig:RightArm/mixamorig:RightForeArm/mixamorig:RightHand/mixamorig:RightHandIndex1/mixamorig:RightHandIndex2/mixamorig:RightHandIndex3","Armature/mixamorig:Hips/mixamorig:Spine/mixamorig:Spine1/mixamorig:Spine2/mixamorig:RightShoulder/mixamorig:RightArm/mixamorig:RightForeArm/mixamorig:RightHand/mixamorig:RightHandIndex1/mixamorig:RightHandIndex2/mixamorig:RightHandIndex3/mixamorig:RightHandIndex4","Armature/mixamorig:Hips/mixamorig:Spine/mixamorig:Spine1/mixamorig:Spine2/mixamorig:RightShoulder/mixamorig:RightArm/mixamorig:RightForeArm/mixamorig:RightHand/mixamorig:RightHandMiddle1","Armature/mixamorig:Hips/mixamorig:Spine/mixamorig:Spine1/mixamorig:Spine2/mixamorig:RightShoulder/mixamorig:RightArm/mixamorig:RightForeArm/mixamorig:RightHand/mixamorig:RightHandMiddle1/mixamorig:RightHandMiddle2","Armature/mixamorig:Hips/mixamorig:Spine/mixamorig:Spine1/mixamorig:Spine2/mixamorig:RightShoulder/mixamorig:RightArm/mixamorig:RightForeArm/mixamorig:RightHand/mixamorig:RightHandMiddle1/mixamorig:RightHandMiddle2/mixamorig:RightHandMiddle3","Armature/mixamorig:Hips/mixamorig:Spine/mixamorig:Spine1/mixamorig:Spine2/mixamorig:RightShoulder/mixamorig:RightArm/mixamorig:RightForeArm/mixamorig:RightHand/mixamorig:RightHandMiddle1/mixamorig:RightHandMiddle2/mixamorig:RightHandMiddle3/mixamorig:RightHandMiddle4","Armature/mixamorig:Hips/mixamorig:Spine/mixamorig:Spine1/mixamorig:Spine2/mixamorig:RightShoulder/mixamorig:RightArm/mixamorig:RightForeArm/mixamorig:RightHand/mixamorig:RightHandRing1","Armature/mixamorig:Hips/mixamorig:Spine/mixamorig:Spine1/mixamorig:Spine2/mixamorig:RightShoulder/mixamorig:RightArm/mixamorig:RightForeArm/mixamorig:RightHand/mixamorig:RightHandRing1/mixamorig:RightHandRing2","Armature/mixamorig:Hips/mixamorig:Spine/mixamorig:Spine1/mixamorig:Spine2/mixamorig:RightShoulder/mixamorig:RightArm/mixamorig:RightForeArm/mixamorig:RightHand/mixamorig:RightHandRing1/mixamorig:RightHandRing2/mixamorig:RightHandRing3","Armature/mixamorig:Hips/mixamorig:Spine/mixamorig:Spine1/mixamorig:Spine2/mixamorig:RightShoulder/mixamorig:RightArm/mixamorig:RightForeArm/mixamorig:RightHand/mixamorig:RightHandRing1/mixamorig:RightHandRing2/mixamorig:RightHandRing3/mixamorig:RightHandRing4","Armature/mixamorig:Hips/mixamorig:LeftUpLeg","Armature/mixamorig:Hips/mixamorig:LeftUpLeg/mixamorig:LeftLeg","Armature/mixamorig:Hips/mixamorig:LeftUpLeg/mixamorig:LeftLeg/mixamorig:LeftFoot","Armature/mixamorig:Hips/mixamorig:LeftUpLeg/mixamorig:LeftLeg/mixamorig:LeftFoot/mixamorig:LeftToeBase","Armature/mixamorig:Hips/mixamorig:LeftUpLeg/mixamorig:LeftLeg/mixamorig:LeftFoot/mixamorig:LeftToeBase/mixamorig:LeftToe_End","Armature/mixamorig:Hips/mixamorig:RightUpLeg","Armature/mixamorig:Hips/mixamorig:RightUpLeg/mixamorig:RightLeg","Armature/mixamorig:Hips/mixamorig:RightUpLeg/mixamorig:RightLeg/mixamorig:RightFoot","Armature/mixamorig:Hips/mixamorig:RightUpLeg/mixamorig:RightLeg/mixamorig:RightFoot/mixamorig:RightToeBase","Armature/mixamorig:Hips/mixamorig:RightUpLeg/mixamorig:RightLeg/mixamorig:RightFoot/mixamorig:RightToeBase/mixamorig:RightToe_End"],[[[7,1,5.729866041084409e-18,-1.7078010631439212e-16,0,-5.729837503353276e-18,0.9999998807907104,1.6391280155403365e-7,0,1.7078009307950232e-16,-1.6391280155403365e-7,0.9999998807907104,0,0.0050994642078876495,0.43182116746902466,0.948210597038269,1],[7,1,3.504372833521318e-17,-1.6724418051096884e-16,0,-5.729834608221132e-18,0.9850711226463318,0.17214782536029816,0,1.7078009307950232e-16,-0.17214784026145935,0.9850710034370422,0,0.0050994642078876495,0.012653635814785957,1.0083918571472168,1],[7,1,3.504371840904583e-17,-1.6724418051096884e-16,0,-5.729832126679295e-18,0.9850711226463318,0.17214778065681458,0,1.7078009307950232e-16,-0.17214779555797577,0.9850710034370422,0,0.0050994642078876495,-0.278416246175766,1.0083918571472168,1],[7,1,3.504372171776828e-17,-1.6724420698074844e-16,0,-5.729835848992051e-18,0.9850713014602661,0.17214778065681458,0,1.7078010631439212e-16,-0.17214779555797577,0.9850711822509766,0,0.005099464673548937,-0.6110686659812927,1.008392095565796,1],[7,1,5.729870590577778e-18,-1.7078010631439212e-16,0,-5.729837503353276e-18,1,1.8713507188294898e-7,0,1.7078009307950232e-16,-1.871351003046584e-7,0.9999998807907104,0,0.005099463276565075,-0.7969992160797119,1.1629550457000732,1],[7,1,5.729866868265022e-18,-1.7078010631439212e-16,0,-5.729837503353276e-18,1,1.641910358785026e-7,0,1.7078009307950232e-16,-1.641910500893573e-7,0.9999998807907104,0,0.0050994642078876495,-1.2708468437194824,1.1360505819320679,1],[7,1,5.729866868265022e-18,-1.7078010631439212e-16,0,-5.729837503353276e-18,1,1.641910500893573e-7,0,1.7078009307950232e-16,-1.6419106430021202e-7,0.9999998807907104,0,0.0050994642078876495,-4.526493549346924,0.9511983394622803,1],[7,-0.03613720089197159,0.9862489700317383,-0.16126617789268494,0,-0.17110653221607208,-0.16509483754634857,-0.9713217616081238,0,-0.9845892190933228,-0.007507152855396271,0.17471978068351746,0,-1.0084929466247559,-0.2529853582382202,0.9786626100540161,1],[7,0.015405328944325447,0.7163252234458923,-0.697596549987793,0,0.13706614077091217,-0.6926058530807495,-0.7081736326217651,0,-0.9904420375823975,-0.08470720797777176,-0.10885374248027802,0,-1.2613312005996704,-0.4864341914653778,1.0919413566589355,1],[7,-0.24868465960025787,0.964135468006134,-0.09272713214159012,0,-0.9405081272125244,-0.263249933719635,-0.21481019258499146,0,-0.23151656985282898,0.033790621906518936,0.9722437262535095,0,0.3275327980518341,-1.339554786682129,1.3747198581695557,1],[7,-0.27500149607658386,0.9613856077194214,0.010573784820735455,0,-0.08897118270397186,-0.014496243558824062,-0.9959286451339722,0,-0.9573180675506592,-0.2748226523399353,0.08952212333679199,0,-0.6062235236167908,-2.184554100036621,0.21960563957691193,1],[7,0.670055627822876,0.5009424090385437,-0.5477977395057678,0,-0.05939706787467003,-0.6994142532348633,-0.7122440338134766,0,-0.7399307489395142,0.5097806453704834,-0.4388919770717621,0,-2.141390562057495,-0.3841041624546051,0.6258584260940552,1],[7,0.6700555086135864,0.5434792637825012,-0.5056242942810059,0,-0.059397224336862564,-0.6397102475166321,-0.7663175463676453,0,-0.7399306893348694,0.5435079336166382,-0.3963603079319,0,-2.1150832176208496,-0.5303794145584106,0.5850000381469727,1],[7,0.6700540781021118,0.7005816698074341,-0.24538326263427734,0,-0.05939853936433792,-0.27890363335609436,-0.9584802985191345,0,-0.7399320006370544,0.6568090319633484,-0.14526700973510742,0,-2.1198267936706543,-0.8041777014732361,0.2867017388343811,1],[7,0.6700540781021118,0.7005818486213684,-0.24538321793079376,0,-0.05939857289195061,-0.2789035737514496,-0.9584804177284241,0,-0.739932119846344,0.6568091511726379,-0.14526690542697906,0,-2.1413891315460205,-0.842155396938324,0.2867015600204468,1],[7,0.04565251246094704,0.9875149726867676,-0.15076492726802826,0,-0.08895278722047806,-0.14630410075187683,-0.985232412815094,0,-0.9949891567230225,0.05838926509022713,0.08116306364536285,0,-1.1820415258407593,-1.9794671535491943,0.5513288974761963,1],[7,0.045652471482753754,0.9852970242500305,-0.1646362543106079,0,-0.08895277976989746,-0.16014374792575836,-0.9830774068832397,0,-0.9949890971183777,0.05952473729848862,0.08033396303653717,0,-1.1819217205047607,-2.0976600646972656,0.5808835029602051,1],[7,0.04565253481268883,0.9876826405525208,0.14966236054897308,0,-0.08895290642976761,0.15324264764785767,-0.9841768145561218,0,-0.9949890971183777,0.031617261469364166,0.09485316276550293,0,-1.181861162185669,-2.2828640937805176,-0.13513141870498657,1],[7,0.04565253108739853,0.9876826405525208,0.14966239035129547,0,-0.0889529138803482,0.15324269235134125,-0.9841768145561218,0,-0.9949890971183777,0.03161725401878357,0.09485317021608353,0,-1.1820415258407593,-2.359639883041382,-0.1351311206817627,1],[7,-0.010744811967015266,0.9933704733848572,-0.11445509642362595,0,-0.08963502198457718,-0.11495772004127502,-0.9893182516098022,0,-0.9959167838096619,-0.00037085404619574547,0.09027597308158875,0,-1.2149949073791504,-2.064840316772461,0.49425292015075684,1],[7,-0.010744720697402954,0.9840158820152283,-0.1777568906545639,0,-0.08963491022586823,-0.17799928784370422,-0.9799398183822632,0,-0.9959167838096619,0.005404041614383459,0.09011472016572952,0,-1.2149860858917236,-2.155111789703369,0.6333906054496765,1],[7,-0.01074458658695221,0.9723882675170898,-0.23312203586101532,0,-0.08963481336832047,-0.23313353955745697,-0.9683049917221069,0,-0.9959167838096619,0.010491810739040375,0.08966474235057831,0,-1.214988112449646,-2.2369604110717773,0.7611174583435059,1],[7,-0.010744585655629635,0.9723882675170898,-0.2331220656633377,0,-0.08963479101657867,-0.23313356935977936,-0.9683049917221069,0,-0.9959167838096619,0.010491808876395226,0.08966471999883652,0,-1.2149953842163086,-2.318742513656616,0.7611173987388611,1],[7,-0.06580573320388794,0.9977294206619263,-0.014339502900838852,0,-0.09002595394849777,-0.020248519256711006,-0.9957337975502014,0,-0.9937632083892822,-0.06423403322696686,0.09115400910377502,0,-1.227769136428833,-2.192180633544922,0.2717498242855072,1],[7,-0.06580574065446854,0.992867112159729,-0.09941910207271576,0,-0.0900259017944336,-0.10513623803853989,-0.9903743863105774,0,-0.9937630295753479,-0.05622201785445213,0.0963023453950882,0,-1.2276335954666138,-2.249624490737915,0.46539735794067383,1],[7,-0.06580569595098495,0.9056461453437805,-0.41889697313308716,0,-0.09002574533224106,-0.4234832525253296,-0.9014195203781128,0,-0.9937630891799927,-0.02160702273249626,0.10939908772706985,0,-1.2275770902633667,-2.0658085346221924,1.2080450057983398,1],[7,-0.06580568850040436,0.9056460857391357,-0.41889697313308716,0,-0.09002574533224106,-0.4234832227230072,-0.9014195799827576,0,-0.9937630891799927,-0.021607015281915665,0.10939910262823105,0,-1.227769136428833,-2.1266539096832275,1.2080453634262085,1],[7,-0.02113480120897293,-0.9862490296363831,0.16390827298164368,0,0.17104779183864594,-0.16509459912776947,-0.9713321924209595,0,0.9850359559059143,0.007507232949137688,0.1721849888563156,0,1.0087167024612427,-0.24558307230472565,0.9773724675178528,1],[7,0.04267669841647148,-0.713920533657074,0.6989250779151917,0,-0.2105337679386139,-0.6902799010276794,-0.6922348737716675,0,0.9766544699668884,-0.11760500073432922,-0.17976327240467072,0,1.3042587041854858,-0.5289220809936523,1.0108951330184937,1],[7,-0.23825405538082123,-0.9638346433639526,0.11940488964319229,0,0.9215371608734131,-0.2631678283214569,-0.28550317883491516,0,0.30660149455070496,0.042013734579086304,0.9509101510047913,0,-0.21832089126110077,-1.3389629125595093,1.407673954963684,1],[7,-0.3113378584384918,-0.9487881660461426,-0.05357008054852486,0,0.09054563194513321,0.026497846469283104,-0.9955397844314575,0,0.9459757208824158,-0.3147996962070465,0.07765885442495346,0,0.5154860615730286,-2.2221603393554688,0.12144166976213455,1],[7,0.7215988636016846,-0.5235259532928467,0.45300763845443726,0,0.015162291005253792,-0.6422328352928162,-0.7663596868515015,0,0.6921454071998596,0.5598727464675903,-0.4554966986179352,0,2.1989502906799316,-0.36076149344444275,0.43641144037246704,1],[7,0.721600353717804,-0.4345673620700836,0.5389289855957031,0,0.015161543153226376,-0.7683439254760742,-0.6398577094078064,0,0.6921439170837402,0.46989238262176514,-0.5478485226631165,0,2.176438808441162,-0.3559492230415344,0.5078458786010742,1],[7,0.7215990424156189,-0.592701256275177,0.3577713966369629,0,0.015162501484155655,-0.5031238794326782,-0.8640814423561096,0,0.6921454071998596,0.6289447546005249,-0.35406693816185,0,2.169663906097412,-0.6019377112388611,0.3213331401348114,1],[7,0.7215989828109741,-0.5927013754844666,0.3577713072299957,0,0.015162350609898567,-0.5031239986419678,-0.8640814423561096,0,0.6921453475952148,0.6289446949958801,-0.35406702756881714,0,2.1989502906799316,-0.6646145582199097,0.3213331401348114,1],[7,0.0646623745560646,-0.987719714641571,0.14222635328769684,0,0.07414816319942474,-0.13737499713897705,-0.9877398610115051,0,0.9951483011245728,0.07441543787717819,0.06435463577508926,0,1.2286640405654907,-1.9536877870559692,0.5219512581825256,1],[7,0.0646623894572258,-0.9733725786209106,0.21991977095603943,0,0.07414811849594116,-0.2150851935148239,-0.9737765192985535,0,0.9951484799385071,0.07927335053682327,0.05826583877205849,0,1.2286540269851685,-2.030501365661621,0.6847320199012756,1],[7,0.0646623969078064,-0.9940392971038818,-0.0877775326371193,0,0.07414808124303818,0.09250447154045105,-0.9929476380348206,0,0.9951484799385071,0.0576978400349617,0.0796876773238182,0,1.2288024425506592,-2.2638096809387207,-0.006792336702346802,1],[7,0.0646623894572258,-0.9940392971038818,-0.08777731657028198,0,0.07414807379245758,0.09250426292419434,-0.9929476976394653,0,0.9951484799385071,0.0576978474855423,0.07968765497207642,0,1.2286641597747803,-2.356691360473633,-0.006791489664465189,1],[7,0.045628417283296585,-0.9911206364631653,0.12489073723554611,0,0.07524824887514114,-0.12125564366579056,-0.989764928817749,0,0.9961200952529907,0.054559215903282166,0.06904741376638412,0,1.3354594707489014,-2.007659912109375,0.4962422549724579,1],[7,0.04562840983271599,-0.9765239357948303,0.21052128076553345,0,0.0752481147646904,-0.20678214728832245,-0.9754891991615295,0,0.9961201548576355,0.06035134196281433,0.0640464574098587,0,1.33524751663208,-2.070402145385742,0.6786722540855408,1],[7,0.04562844708561897,-0.9234145283699036,0.38108256459236145,0,0.07524814456701279,-0.3772188127040863,-0.9230623245239258,0,0.9961202144622803,0.07079363614320755,0.052273329347372055,0,1.3352222442626953,-2.0412116050720215,1.05916428565979,1],[7,0.04562844708561897,-0.923414409160614,0.38108256459236145,0,0.07524814456701279,-0.3772187829017639,-0.923062264919281,0,0.9961201548576355,0.07079363614320755,0.05227333679795265,0,1.3354597091674805,-2.1164956092834473,1.05916428565979,1],[7,-0.11514373868703842,-0.9840898513793945,0.13531115651130676,0,0.08340934664011002,-0.1453143209218979,-0.985863447189331,0,0.989840567111969,-0.1022297814488411,0.09881436079740524,0,1.115614414215088,-2.1872448921203613,0.5530747175216675,1],[7,-0.11514384299516678,-0.9833391904830933,0.14066308736801147,0,0.08340955525636673,-0.15067578852176666,-0.9850581288337708,0,0.9898405075073242,-0.10169075429439545,0.09936929494142532,0,1.1160322427749634,-2.2918710708618164,0.5655522346496582,1],[7,-0.11514388769865036,-0.9929680824279785,-0.02750108763575554,0,0.08340957015752792,0.017922747880220413,-0.9963542222976685,0,0.9898405075073242,-0.117017962038517,0.08075936883687973,0,1.11642587184906,-2.4552958011627197,0.15291179716587067,1],[7,-0.11514385789632797,-0.992967963218689,-0.027501100674271584,0,0.08340955525636673,0.017922764644026756,-0.9963541030883789,0,0.9898404479026794,-0.11701793223619461,0.08075933903455734,0,1.1156138181686401,-2.5361428260803223,0.1529117077589035,1],[7,-1,-6.720872391952071e-8,4.166731315535799e-8,0,6.57737473375164e-8,-0.9994376301765442,-0.03353272005915642,0,4.3896751122929345e-8,-0.033532097935676575,0.9994561672210693,0,0.6267709732055664,-0.6007468700408936,0.9558801054954529,1],[7,-0.9619072675704956,-0.27330324053764343,-0.006297815591096878,0,0.2732219696044922,-0.9603384137153625,-0.05567328631877899,0,0.009167485870420933,-0.055272217839956284,0.9984475374221802,0,0.9222938418388367,-0.9742669463157654,0.9336807131767273,1],[7,-0.9226692318916321,0.05672526732087135,0.38140326738357544,0,0.24546904861927032,-0.6764081716537476,0.694429874420166,0,0.29737141728401184,0.7343541979789734,0.6101727485656738,0,1.1528030633926392,-0.24311457574367523,1.3865541219711304,1],[7,-0.9790445566177368,-0.0931505411863327,-0.18109412491321564,0,-0.1817794144153595,-0.0011450523743405938,0.9833385944366455,0,-0.09180419892072678,0.9956696033477783,-0.015811506658792496,0,0.1880069077014923,0.7398826479911804,1.7684828042984009,1],[7,-0.9790447950363159,-0.09315039217472076,-0.18109411001205444,0,-0.1817794293165207,-0.0011450835736468434,0.9833388328552246,0,-0.09180407971143723,0.9956696629524231,-0.01581144705414772,0,0.18800634145736694,0.49327903985977173,1.7684826850891113,1],[7,-1,6.72174564897432e-8,5.287439819312567e-8,0,-6.910509142699084e-8,-0.9993317723274231,-0.036569688469171524,0,5.0368051063287567e-8,-0.036560360342264175,0.9995867013931274,0,-0.6369698643684387,-0.6038294434547424,0.9594424366950989,1],[7,-0.9618826508522034,0.2734510600566864,0.002535725710913539,0,-0.2732797861099243,-0.9608591794967651,-0.045489825308322906,0,-0.010000206530094147,-0.04443749040365219,0.9992173910140991,0,-0.9330512285232544,-0.9615073800086975,0.9505577087402344,1],[7,-0.9207809567451477,-0.056836050003767014,-0.3859970271587372,0,-0.24814431369304657,-0.678212583065033,0.6918622255325317,0,-0.3010464608669281,0.7328707575798035,0.610327422618866,0,-1.1697815656661987,-0.24502912163734436,1.3789385557174683,1],[7,-0.978326141834259,0.09599506109952927,0.18349622189998627,0,0.18423275649547577,-0.0012061871821060777,0.9828832745552063,0,0.09454944729804993,0.9956343770027161,-0.016501223668456078,0,-0.19098693132400513,0.7477065920829773,1.7703897953033447,1],[7,-0.9783259034156799,0.09599511325359344,0.1834975779056549,0,0.1842341274023056,-0.001206161337904632,0.9828830361366272,0,0.09454946219921112,0.9956343770027161,-0.01650138944387436,0,-0.1909743845462799,0.5084108114242554,1.7703814506530762,1]],8,8,8,8,8,8,8,8,8,8,8,8,8,8,8,8,8,8,8,8,8,8,8,8,8,8,8,8,8,8,8,8,8,8,8,8,8,8,8,8,8,8,8,8,8,8,8,8,8,8,8,8,8,8,8,8,8]]],0,0,[],[],[]]
