[1,0,0,[["cc.Skeleton",["_name","_hash","_joints","_bindposes"],0,12]],[[0,0,1,2,3,4]],[[0,"Skin-4",2194142203,["Armature/mixamorig:Hips","Armature/mixamorig:Hips/mixamorig:Spine","Armature/mixamorig:Hips/mixamorig:Spine/mixamorig:Spine1","Armature/mixamorig:Hips/mixamorig:Spine/mixamorig:Spine1/mixamorig:Spine2","Armature/mixamorig:Hips/mixamorig:Spine/mixamorig:Spine1/mixamorig:Spine2/mixamorig:Neck","Armature/mixamorig:Hips/mixamorig:Spine/mixamorig:Spine1/mixamorig:Spine2/mixamorig:Neck/mixamorig:Head","Armature/mixamorig:Hips/mixamorig:Spine/mixamorig:Spine1/mixamorig:Spine2/mixamorig:Neck/mixamorig:Head/mixamorig:HeadTop_End","Armature/mixamorig:Hips/mixamorig:Spine/mixamorig:Spine1/mixamorig:Spine2/mixamorig:LeftShoulder","Armature/mixamorig:Hips/mixamorig:Spine/mixamorig:Spine1/mixamorig:Spine2/mixamorig:LeftShoulder/mixamorig:LeftArm","Armature/mixamorig:Hips/mixamorig:Spine/mixamorig:Spine1/mixamorig:Spine2/mixamorig:LeftShoulder/mixamorig:LeftArm/mixamorig:LeftForeArm","Armature/mixamorig:Hips/mixamorig:Spine/mixamorig:Spine1/mixamorig:Spine2/mixamorig:LeftShoulder/mixamorig:LeftArm/mixamorig:LeftForeArm/mixamorig:LeftHand","Armature/mixamorig:Hips/mixamorig:Spine/mixamorig:Spine1/mixamorig:Spine2/mixamorig:LeftShoulder/mixamorig:LeftArm/mixamorig:LeftForeArm/mixamorig:LeftHand/mixamorig:LeftHandThumb1","Armature/mixamorig:Hips/mixamorig:Spine/mixamorig:Spine1/mixamorig:Spine2/mixamorig:LeftShoulder/mixamorig:LeftArm/mixamorig:LeftForeArm/mixamorig:LeftHand/mixamorig:LeftHandThumb1/mixamorig:LeftHandThumb2","Armature/mixamorig:Hips/mixamorig:Spine/mixamorig:Spine1/mixamorig:Spine2/mixamorig:LeftShoulder/mixamorig:LeftArm/mixamorig:LeftForeArm/mixamorig:LeftHand/mixamorig:LeftHandThumb1/mixamorig:LeftHandThumb2/mixamorig:LeftHandThumb3","Armature/mixamorig:Hips/mixamorig:Spine/mixamorig:Spine1/mixamorig:Spine2/mixamorig:LeftShoulder/mixamorig:LeftArm/mixamorig:LeftForeArm/mixamorig:LeftHand/mixamorig:LeftHandThumb1/mixamorig:LeftHandThumb2/mixamorig:LeftHandThumb3/mixamorig:LeftHandThumb4","Armature/mixamorig:Hips/mixamorig:Spine/mixamorig:Spine1/mixamorig:Spine2/mixamorig:LeftShoulder/mixamorig:LeftArm/mixamorig:LeftForeArm/mixamorig:LeftHand/mixamorig:LeftHandIndex1","Armature/mixamorig:Hips/mixamorig:Spine/mixamorig:Spine1/mixamorig:Spine2/mixamorig:LeftShoulder/mixamorig:LeftArm/mixamorig:LeftForeArm/mixamorig:LeftHand/mixamorig:LeftHandIndex1/mixamorig:LeftHandIndex2","Armature/mixamorig:Hips/mixamorig:Spine/mixamorig:Spine1/mixamorig:Spine2/mixamorig:LeftShoulder/mixamorig:LeftArm/mixamorig:LeftForeArm/mixamorig:LeftHand/mixamorig:LeftHandIndex1/mixamorig:LeftHandIndex2/mixamorig:LeftHandIndex3","Armature/mixamorig:Hips/mixamorig:Spine/mixamorig:Spine1/mixamorig:Spine2/mixamorig:LeftShoulder/mixamorig:LeftArm/mixamorig:LeftForeArm/mixamorig:LeftHand/mixamorig:LeftHandIndex1/mixamorig:LeftHandIndex2/mixamorig:LeftHandIndex3/mixamorig:LeftHandIndex4","Armature/mixamorig:Hips/mixamorig:Spine/mixamorig:Spine1/mixamorig:Spine2/mixamorig:LeftShoulder/mixamorig:LeftArm/mixamorig:LeftForeArm/mixamorig:LeftHand/mixamorig:LeftHandMiddle1","Armature/mixamorig:Hips/mixamorig:Spine/mixamorig:Spine1/mixamorig:Spine2/mixamorig:LeftShoulder/mixamorig:LeftArm/mixamorig:LeftForeArm/mixamorig:LeftHand/mixamorig:LeftHandMiddle1/mixamorig:LeftHandMiddle2","Armature/mixamorig:Hips/mixamorig:Spine/mixamorig:Spine1/mixamorig:Spine2/mixamorig:LeftShoulder/mixamorig:LeftArm/mixamorig:LeftForeArm/mixamorig:LeftHand/mixamorig:LeftHandMiddle1/mixamorig:LeftHandMiddle2/mixamorig:LeftHandMiddle3","Armature/mixamorig:Hips/mixamorig:Spine/mixamorig:Spine1/mixamorig:Spine2/mixamorig:LeftShoulder/mixamorig:LeftArm/mixamorig:LeftForeArm/mixamorig:LeftHand/mixamorig:LeftHandMiddle1/mixamorig:LeftHandMiddle2/mixamorig:LeftHandMiddle3/mixamorig:LeftHandMiddle4","Armature/mixamorig:Hips/mixamorig:Spine/mixamorig:Spine1/mixamorig:Spine2/mixamorig:LeftShoulder/mixamorig:LeftArm/mixamorig:LeftForeArm/mixamorig:LeftHand/mixamorig:LeftHandRing1","Armature/mixamorig:Hips/mixamorig:Spine/mixamorig:Spine1/mixamorig:Spine2/mixamorig:LeftShoulder/mixamorig:LeftArm/mixamorig:LeftForeArm/mixamorig:LeftHand/mixamorig:LeftHandRing1/mixamorig:LeftHandRing2","Armature/mixamorig:Hips/mixamorig:Spine/mixamorig:Spine1/mixamorig:Spine2/mixamorig:LeftShoulder/mixamorig:LeftArm/mixamorig:LeftForeArm/mixamorig:LeftHand/mixamorig:LeftHandRing1/mixamorig:LeftHandRing2/mixamorig:LeftHandRing3","Armature/mixamorig:Hips/mixamorig:Spine/mixamorig:Spine1/mixamorig:Spine2/mixamorig:LeftShoulder/mixamorig:LeftArm/mixamorig:LeftForeArm/mixamorig:LeftHand/mixamorig:LeftHandRing1/mixamorig:LeftHandRing2/mixamorig:LeftHandRing3/mixamorig:LeftHandRing4","Armature/mixamorig:Hips/mixamorig:Spine/mixamorig:Spine1/mixamorig:Spine2/mixamorig:RightShoulder","Armature/mixamorig:Hips/mixamorig:Spine/mixamorig:Spine1/mixamorig:Spine2/mixamorig:RightShoulder/mixamorig:RightArm","Armature/mixamorig:Hips/mixamorig:Spine/mixamorig:Spine1/mixamorig:Spine2/mixamorig:RightShoulder/mixamorig:RightArm/mixamorig:RightForeArm","Armature/mixamorig:Hips/mixamorig:Spine/mixamorig:Spine1/mixamorig:Spine2/mixamorig:RightShoulder/mixamorig:RightArm/mixamorig:RightForeArm/mixamorig:RightHand","Armature/mixamorig:Hips/mixamorig:Spine/mixamorig:Spine1/mixamorig:Spine2/mixamorig:RightShoulder/mixamorig:RightArm/mixamorig:RightForeArm/mixamorig:RightHand/mixamorig:RightHandThumb1","Armature/mixamorig:Hips/mixamorig:Spine/mixamorig:Spine1/mixamorig:Spine2/mixamorig:RightShoulder/mixamorig:RightArm/mixamorig:RightForeArm/mixamorig:RightHand/mixamorig:RightHandThumb1/mixamorig:RightHandThumb2","Armature/mixamorig:Hips/mixamorig:Spine/mixamorig:Spine1/mixamorig:Spine2/mixamorig:RightShoulder/mixamorig:RightArm/mixamorig:RightForeArm/mixamorig:RightHand/mixamorig:RightHandThumb1/mixamorig:RightHandThumb2/mixamorig:RightHandThumb3","Armature/mixamorig:Hips/mixamorig:Spine/mixamorig:Spine1/mixamorig:Spine2/mixamorig:RightShoulder/mixamorig:RightArm/mixamorig:RightForeArm/mixamorig:RightHand/mixamorig:RightHandThumb1/mixamorig:RightHandThumb2/mixamorig:RightHandThumb3/mixamorig:RightHandThumb4","Armature/mixamorig:Hips/mixamorig:Spine/mixamorig:Spine1/mixamorig:Spine2/mixamorig:RightShoulder/mixamorig:RightArm/mixamorig:RightForeArm/mixamorig:RightHand/mixamorig:RightHandIndex1","Armature/mixamorig:Hips/mixamorig:Spine/mixamorig:Spine1/mixamorig:Spine2/mixamorig:RightShoulder/mixamorig:RightArm/mixamorig:RightForeArm/mixamorig:RightHand/mixamorig:RightHandIndex1/mixamorig:RightHandIndex2","Armature/mixamorig:Hips/mixamorig:Spine/mixamorig:Spine1/mixamorig:Spine2/mixamorig:RightShoulder/mixamorig:RightArm/mixamorig:RightForeArm/mixamorig:RightHand/mixamorig:RightHandIndex1/mixamorig:RightHandIndex2/mixamorig:RightHandIndex3","Armature/mixamorig:Hips/mixamorig:Spine/mixamorig:Spine1/mixamorig:Spine2/mixamorig:RightShoulder/mixamorig:RightArm/mixamorig:RightForeArm/mixamorig:RightHand/mixamorig:RightHandIndex1/mixamorig:RightHandIndex2/mixamorig:RightHandIndex3/mixamorig:RightHandIndex4","Armature/mixamorig:Hips/mixamorig:Spine/mixamorig:Spine1/mixamorig:Spine2/mixamorig:RightShoulder/mixamorig:RightArm/mixamorig:RightForeArm/mixamorig:RightHand/mixamorig:RightHandMiddle1","Armature/mixamorig:Hips/mixamorig:Spine/mixamorig:Spine1/mixamorig:Spine2/mixamorig:RightShoulder/mixamorig:RightArm/mixamorig:RightForeArm/mixamorig:RightHand/mixamorig:RightHandMiddle1/mixamorig:RightHandMiddle2","Armature/mixamorig:Hips/mixamorig:Spine/mixamorig:Spine1/mixamorig:Spine2/mixamorig:RightShoulder/mixamorig:RightArm/mixamorig:RightForeArm/mixamorig:RightHand/mixamorig:RightHandMiddle1/mixamorig:RightHandMiddle2/mixamorig:RightHandMiddle3","Armature/mixamorig:Hips/mixamorig:Spine/mixamorig:Spine1/mixamorig:Spine2/mixamorig:RightShoulder/mixamorig:RightArm/mixamorig:RightForeArm/mixamorig:RightHand/mixamorig:RightHandMiddle1/mixamorig:RightHandMiddle2/mixamorig:RightHandMiddle3/mixamorig:RightHandMiddle4","Armature/mixamorig:Hips/mixamorig:Spine/mixamorig:Spine1/mixamorig:Spine2/mixamorig:RightShoulder/mixamorig:RightArm/mixamorig:RightForeArm/mixamorig:RightHand/mixamorig:RightHandRing1","Armature/mixamorig:Hips/mixamorig:Spine/mixamorig:Spine1/mixamorig:Spine2/mixamorig:RightShoulder/mixamorig:RightArm/mixamorig:RightForeArm/mixamorig:RightHand/mixamorig:RightHandRing1/mixamorig:RightHandRing2","Armature/mixamorig:Hips/mixamorig:Spine/mixamorig:Spine1/mixamorig:Spine2/mixamorig:RightShoulder/mixamorig:RightArm/mixamorig:RightForeArm/mixamorig:RightHand/mixamorig:RightHandRing1/mixamorig:RightHandRing2/mixamorig:RightHandRing3","Armature/mixamorig:Hips/mixamorig:Spine/mixamorig:Spine1/mixamorig:Spine2/mixamorig:RightShoulder/mixamorig:RightArm/mixamorig:RightForeArm/mixamorig:RightHand/mixamorig:RightHandRing1/mixamorig:RightHandRing2/mixamorig:RightHandRing3/mixamorig:RightHandRing4","Armature/mixamorig:Hips/mixamorig:LeftUpLeg","Armature/mixamorig:Hips/mixamorig:LeftUpLeg/mixamorig:LeftLeg","Armature/mixamorig:Hips/mixamorig:LeftUpLeg/mixamorig:LeftLeg/mixamorig:LeftFoot","Armature/mixamorig:Hips/mixamorig:LeftUpLeg/mixamorig:LeftLeg/mixamorig:LeftFoot/mixamorig:LeftToeBase","Armature/mixamorig:Hips/mixamorig:LeftUpLeg/mixamorig:LeftLeg/mixamorig:LeftFoot/mixamorig:LeftToeBase/mixamorig:LeftToe_End","Armature/mixamorig:Hips/mixamorig:RightUpLeg","Armature/mixamorig:Hips/mixamorig:RightUpLeg/mixamorig:RightLeg","Armature/mixamorig:Hips/mixamorig:RightUpLeg/mixamorig:RightLeg/mixamorig:RightFoot","Armature/mixamorig:Hips/mixamorig:RightUpLeg/mixamorig:RightLeg/mixamorig:RightFoot/mixamorig:RightToeBase","Armature/mixamorig:Hips/mixamorig:RightUpLeg/mixamorig:RightLeg/mixamorig:RightFoot/mixamorig:RightToeBase/mixamorig:RightToe_End"],[[[7,0.9899576902389526,8.129944717438775e-9,-0.14136376976966858,0,1.4751499577414506e-8,1,1.6081422415936686e-7,0,0.14136376976966858,-1.6128460345044004e-7,0.9899576902389526,0,0.6385937333106995,2.8836634159088135,1.1656299829483032,1],[7,0.9899576902389526,0.024335453286767006,-0.1392533779144287,0,1.5887126281199926e-8,0.9850712418556213,0.17214782536029816,0,0.14136376976966858,-0.17041908204555511,0.9751787185668945,0,0.6385937333106995,2.3904645442962646,1.6446444988250732,1],[7,0.9899576902389526,0.02433544583618641,-0.1392533779144287,0,1.701267038356491e-8,0.9850712418556213,0.17214778065681458,0,0.14136376976966858,-0.17041903734207153,0.9751787185668945,0,0.6385937333106995,2.0993945598602295,1.6446442604064941,1],[7,0.9899576902389526,0.02433544583618641,-0.1392534077167511,0,1.779945435487207e-8,0.9850714206695557,0.17214778065681458,0,0.14136378467082977,-0.17041903734207153,0.9751788973808289,0,0.6385937333106995,1.7667427062988281,1.6446446180343628,1],[7,0.9899576902389526,1.141273386906505e-8,-0.14136376976966858,0,1.4751499577414506e-8,1.0000001192092896,1.840364944882822e-7,0,0.14136376976966858,-1.8427368786433362e-7,0.9899576902389526,0,0.6385937333106995,1.6548433303833008,1.380374550819397,1],[7,0.9899576902389526,8.169278586933615e-9,-0.14136376976966858,0,1.4751498689236087e-8,1.0000001192092896,1.610924584838358e-7,0,0.14136376976966858,-1.6156006665823952e-7,0.9899576902389526,0,0.6385937333106995,1.1809957027435303,1.353469967842102,1],[7,0.9899576902389526,8.169280363290454e-9,-0.14136376976966858,0,1.4751498689236087e-8,1.0000001192092896,1.6109247269469051e-7,0,0.14136376976966858,-1.6156008086909424e-7,0.9899576902389526,0,0.6385937333106995,-2.074651002883911,1.168617844581604,1],[7,0.10341095924377441,0.9774060249328613,-0.18434572219848633,0,-0.17110653221607208,-0.16509483754634857,-0.9713218808174133,0,-0.9798102378845215,0.13198809325695038,0.15016800165176392,0,-1.664980411529541,-0.034621063619852066,-1.467038869857788,1],[7,0.1552632451057434,0.7211061716079712,-0.6752030849456787,0,0.13706615567207336,-0.6926059126853943,-0.7081736922264099,0,-0.9783180356025696,0.017405860126018524,-0.20637547969818115,0,-1.1308485269546509,-1.7492234706878662,-1.109979271888733,1],[7,-0.21345922350883484,0.9496765732765198,-0.22923597693443298,0,-0.940508246421814,-0.2632499635219574,-0.21481022238731384,0,-0.2643466293811798,0.169745072722435,0.9493719935417175,0,-2.186321496963501,-1.3668811321258545,1.0006815195083618,1],[7,-0.13690972328186035,0.9905810356140137,-0.002187571721151471,0,-0.08897119015455246,-0.014496228657662868,-0.9959287643432617,0,-0.9865797162055969,-0.13615770637989044,0.09011786431074142,0,-1.2067179679870605,-1.6708160638809204,-2.196092128753662,1],[7,0.7679261565208435,0.4238472580909729,-0.4802531599998474,0,-0.059397079050540924,-0.6994143128395081,-0.7122441530227661,0,-0.6377785801887512,0.5754764080047607,-0.5119232535362244,0,-2.0234215259552,-1.670777440071106,-1.5629018545150757,1],[7,0.767926037311554,0.4611891508102417,-0.4445156455039978,0,-0.05939720198512077,-0.6397103071212769,-0.7663176655769348,0,-0.6377785801887512,0.614878237247467,-0.46385690569877625,0,-1.9971147775650024,-1.6363881826400757,-1.700376033782959,1],[7,0.7679247856140137,0.6006972193717957,-0.2223835438489914,0,-0.05939852446317673,-0.27890363335609436,-0.9584804177284241,0,-0.6377800107002258,0.7492501139640808,-0.17849650979042053,0,-2.0018627643585205,-0.9013881683349609,-2.250373363494873,1],[7,0.7679247856140137,0.60069739818573,-0.222383514046669,0,-0.05939856171607971,-0.278903603553772,-0.9584805369377136,0,-0.6377801299095154,0.7492502331733704,-0.17849639058113098,0,-2.0234251022338867,-0.9393654465675354,-2.2503740787506104,1],[7,0.18584947288036346,0.9693438410758972,-0.16072440147399902,0,-0.08895278722047806,-0.14630411565303802,-0.9852325320243835,0,-0.9785436391830444,0.1974017322063446,0.059035297483205795,0,-1.5875487327575684,-1.699901819229126,-1.9421679973602295,1],[7,0.18584944307804108,0.9669877290725708,-0.17433921992778778,0,-0.08895277976989746,-0.16014376282691956,-0.9830775260925293,0,-0.9785436391830444,0.19821228086948395,0.05625362694263458,0,-1.5874289274215698,-1.8531854152679443,-1.9162975549697876,1],[7,0.18584950268268585,0.9732944369316101,0.1347506046295166,0,-0.08895290642976761,0.15324267745018005,-0.9841769337654114,0,-0.9785435795783997,0.17092230916023254,0.11505745351314545,0,-1.5873684883117676,-1.2745716571807861,-2.4327447414398193,1],[7,0.18584950268268585,0.9732944369316101,0.134750634431839,0,-0.0889529138803482,0.15324272215366364,-0.9841769337654114,0,-0.9785435795783997,0.17092230916023254,0.11505746841430664,0,-1.587548851966858,-1.3513473272323608,-2.432744264602661,1],[7,0.13014966249465942,0.9834471344947815,-0.12606744468212128,0,-0.08963502198457718,-0.11495772004127502,-0.9893183708190918,0,-0.9874345064163208,0.1400594711303711,0.07318959385156631,0,-1.6581038236618042,-1.7174845933914185,-1.9842783212661743,1],[7,0.1301497519016266,0.9733701348304749,-0.18871073424816132,0,-0.08963491022586823,-0.17799928784370422,-0.9799399375915527,0,-0.987434446811676,0.1444539576768875,0.06408137828111649,0,-1.6580947637557983,-1.9669945240020752,-1.862282633781433,1],[7,0.13014988601207733,0.9611400365829468,-0.24345628917217255,0,-0.08963481336832047,-0.23313355445861816,-0.9683051109313965,0,-0.987434446811676,0.14784690737724304,0.05580929294228554,0,-1.658096432685852,-2.19028377532959,-1.7412004470825195,1],[7,0.13014988601207733,0.9611400365829468,-0.24345631897449493,0,-0.08963479101657867,-0.23313358426094055,-0.9683051109313965,0,-0.987434446811676,0.14784690737724304,0.05580926686525345,0,-1.6581037044525146,-2.2720656394958496,-1.741200566291809,1],[7,0.0753372311592102,0.9967902898788452,-0.027081362903118134,0,-0.09002595394849777,-0.02024850621819496,-0.995733916759491,0,-0.9930861592292786,0.07745382189750671,0.08821152150630951,0,-1.7062492370605469,-1.6237365007400513,-2.158897638320923,1],[7,0.07533719390630722,0.9908442497253418,-0.11203435808420181,0,-0.0900259017944336,-0.10513624548912048,-0.9903745651245117,0,-0.9930859804153442,0.08469802141189575,0.08128098398447037,0,-1.706113576889038,-1.8906501531600952,-2.0048880577087402,1],[7,0.075337253510952,0.8996058702468872,-0.43015533685684204,0,-0.09002574533224106,-0.423483282327652,-0.9014196991920471,0,-0.993086040019989,0.10663549602031708,0.04908362030982971,0,-1.7060567140579224,-2.5350990295410156,-1.2436769008636475,1],[7,0.07533726096153259,0.8996058106422424,-0.43015533685684204,0,-0.09002574533224106,-0.423483282327652,-0.9014197587966919,0,-0.993086040019989,0.10663550347089767,0.04908362403512001,0,-1.7062486410140991,-2.595944404602051,-1.243676781654358,1],[7,-0.16017097234725952,-0.9774060845375061,0.1379215568304062,0,0.17104779183864594,-0.16509462893009186,-0.971332311630249,0,0.9721563458442688,-0.1319880336523056,0.1936265379190445,0,1.6288758516311646,-1.2735199928283691,-1.2629095315933228,1],[7,-0.09581544250249863,-0.6901260018348694,0.7173182964324951,0,-0.21053379774093628,-0.690280020236969,-0.6922348737716675,0,0.9728796482086182,-0.21734648942947388,-0.07915537059307098,0,1.0274418592453003,-2.6992135047912598,-0.282674640417099,1],[7,-0.2792038023471832,-0.9600947499275208,-0.016218464821577072,0,0.9215372204780579,-0.2631678879261017,-0.28550320863723755,0,0.2698420286178589,-0.0946594700217247,0.9582404494285583,0,1.9568711519241333,-2.585658073425293,0.9900535345077515,1],[7,-0.44193798303604126,-0.8947588205337524,-0.06401024758815765,0,0.09054563194513321,0.026497839018702507,-0.9955399036407471,0,0.8924641013145447,-0.44576263427734375,0.06930612027645111,0,0.7459321618080139,-2.8266870975494385,-2.336516857147217,1],[7,0.6165080666542053,-0.5974142551422119,0.5128491520881653,0,0.015162336640059948,-0.6422328948974609,-0.766359806060791,0,0.7872025966644287,0.4802428185939789,-0.38688361644744873,0,2.843740224838257,-2.145338773727417,-1.2546377182006836,1],[7,0.616509735584259,-0.4966290295124054,0.6109628677368164,0,0.015161525458097458,-0.7683441042900085,-0.6398577690124512,0,0.7872014045715332,0.4037415087223053,-0.46616190671920776,0,2.8212273120880127,-2.41294002532959,-0.838688850402832,1],[7,0.6165082454681396,-0.6756591200828552,0.4042308032512665,0,0.015162548050284386,-0.5031239986419678,-0.8640815615653992,0,0.7872025966644287,0.5388423204421997,-0.2999354302883148,0,2.8144545555114746,-2.074246406555176,-1.6475930213928223,1],[7,0.6165082454681396,-0.6756591796875,0.4042307138442993,0,0.015162387862801552,-0.5031240582466125,-0.8640815615653992,0,0.7872025966644287,0.5388422012329102,-0.299935519695282,0,2.843740463256836,-2.1369235515594482,-1.6475930213928223,1],[7,-0.07666491717100143,-0.9883203506469727,0.13170066475868225,0,0.07414816319942474,-0.13737502694129944,-0.9877399802207947,0,0.9942957162857056,-0.06595965474843979,0.08381401747465134,0,1.6677911281585693,-2.900045156478882,-1.7957395315170288,1],[7,-0.07666493207216263,-0.9748040437698364,0.2094746083021164,0,0.07414811849594116,-0.2150852382183075,-0.973776638507843,0,0.9942958950996399,-0.05912236124277115,0.08876940608024597,0,1.667781114578247,-3.1572468280792236,-1.5508283376693726,1],[7,-0.07666492462158203,-0.9922131896018982,-0.09816098213195801,0,0.07414808124303818,0.09250447899103165,-0.9929477572441101,0,0.9942958950996399,-0.08340271562337875,0.06647886335849762,0,1.6679294109344482,-2.654176712036133,-2.4796242713928223,1],[7,-0.07666493207216263,-0.9922131896018982,-0.0981607660651207,0,0.07414807379245758,0.09250426292419434,-0.9929478168487549,0,0.9942958950996399,-0.08340270817279816,0.06647887080907822,0,1.6677911281585693,-2.7470591068267822,-2.479623556137085,1],[7,-0.09564509987831116,-0.9888801574707031,0.11387576162815094,0,0.07524824887514114,-0.12125568091869354,-0.9897650480270386,0,0.9925670623779297,-0.08609722554683685,0.08600904047489166,0,1.7654372453689575,-2.920966625213623,-1.8363755941390991,1],[7,-0.09564512223005295,-0.9752488732337952,0.19935332238674164,0,0.0752481147646904,-0.20678219199180603,-0.9754893183708191,0,0.9925671219825745,-0.07829982787370682,0.09316336363554001,0,1.765224814414978,-3.1828999519348145,-1.5657844543457031,1],[7,-0.09564509987831116,-0.9241489768028259,0.3698660731315613,0,0.07524814456701279,-0.37721890211105347,-0.9230624437332153,0,0.9925671815872192,-0.06045464426279068,0.1056196466088295,0,1.7651996612548828,-3.5356788635253906,-0.9512601494789124,1],[7,-0.09564508497714996,-0.9241487979888916,0.3698660731315613,0,0.07524814456701279,-0.3772188425064087,-0.9230623841285706,0,0.9925671219825745,-0.060454629361629486,0.1056196540594101,0,1.765437126159668,-3.6109626293182373,-0.951259970664978,1],[7,-0.25391504168510437,-0.9597557187080383,0.11998356878757477,0,0.08340935409069061,-0.14531435072422028,-0.9858635663986206,0,0.9636232256889343,-0.24031782150268555,0.1169501394033432,0,1.462388515472412,-3.1891746520996094,-1.7569042444229126,1],[7,-0.25391513109207153,-0.9590888023376465,0.12520329654216766,0,0.08340956270694733,-0.15067581832408905,-0.9850582480430603,0,0.9636231660842896,-0.23967808485031128,0.11825606971979141,0,1.4628067016601562,-3.3063533306121826,-1.7389408349990845,1],[7,-0.2539151608943939,-0.966454267501831,-0.038641348481178284,0,0.08340957760810852,0.017922736704349518,-0.996354341506958,0,0.9636231660842896,-0.2562125623226166,0.0760607048869133,0,1.463200330734253,-3.065833568572998,-2.2898550033569336,1],[7,-0.25391513109207153,-0.9664542078971863,-0.03864135965704918,0,0.08340956270694733,0.01792275346815586,-0.9963542222976685,0,0.9636231064796448,-0.2562125027179718,0.07606068253517151,0,1.4623881578445435,-3.1466805934906006,-2.2898547649383545,1],[7,-0.9899576902389526,0.004740172531455755,-0.14128686487674713,0,5.091251509270478e-8,-0.9994377493858337,-0.033532727509737015,0,-0.1413637399673462,-0.0331953726708889,0.9894194602966309,0,-0.006723107770085335,-3.0585010051727295,1.0909640789031982,1],[7,-0.9535434246063232,-0.2627451419830322,-0.14737889170646667,0,0.2732219994068146,-0.9603385329246521,-0.05567329749464989,0,-0.12690339982509613,-0.09335234761238098,0.9875307083129883,0,0.984821617603302,-3.514019012451172,1.0102704763412476,1],[7,-0.9554410576820374,-0.047655463218688965,0.29131677746772766,0,0.24546906352043152,-0.6764082312583923,0.6944299340248108,0,0.16395315527915955,0.7349985837936401,0.657961905002594,0,1.2348029613494873,-1.7059630155563354,3.4634666442871094,1],[7,-0.9562349319458008,-0.23296672105789185,-0.17704038321971893,0,-0.18177945911884308,-0.0011450577294453979,0.9833387136459351,0,-0.22928372025489807,0.9725028276443481,-0.041252873837947845,0,-0.8978667259216309,0.8945424556732178,4.061314105987549,1],[7,-0.9562351703643799,-0.2329665869474411,-0.17704036831855774,0,-0.18177945911884308,-0.001145088579505682,0.9833389520645142,0,-0.2292836457490921,0.9725028872489929,-0.04125281423330307,0,-0.8978673815727234,0.6479388475418091,4.061314582824707,1],[7,-0.9899576902389526,0.005168392322957516,-0.14130531251430511,0,-8.33577331604829e-8,-0.9993318915367126,-0.03656969591975212,0,-0.141363725066185,-0.036193206906318665,0.9895486831665039,0,-1.270464301109314,-3.0619823932647705,1.0871086120605469,1],[7,-0.9508094787597656,0.27698683738708496,-0.13874289393424988,0,-0.2732798457145691,-0.9608592987060547,-0.0454898327589035,0,-0.14587515592575073,-0.005335166119039059,0.9895415306091309,0,-2.214611530303955,-3.1538145542144775,1.0578792095184326,1],[7,-0.8689771890640259,-0.15986666083335876,-0.46839889883995056,0,-0.24814432859420776,-0.6782126426696777,0.6918622851371765,0,-0.428188294172287,0.7174765467643738,0.5496324300765991,0,-2.426955223083496,-1.78456449508667,2.9634456634521484,1],[7,-0.9818673729896545,-0.045715607702732086,0.18398615717887878,0,0.18423277139663696,-0.001206189626827836,0.9828833937644958,0,-0.044699929654598236,0.9992063045501709,0.00960420724004507,0,-0.33848440647125244,1.0220314264297485,4.2929205894470215,1],[7,-0.9818671345710754,-0.04571555554866791,0.18398752808570862,0,0.1842341423034668,-0.0012061644811183214,0.9828831553459167,0,-0.04469987004995346,0.9992063045501709,0.009604234248399734,0,-0.33846840262413025,0.7827358245849609,4.292912483215332,1]],8,8,8,8,8,8,8,8,8,8,8,8,8,8,8,8,8,8,8,8,8,8,8,8,8,8,8,8,8,8,8,8,8,8,8,8,8,8,8,8,8,8,8,8,8,8,8,8,8,8,8,8,8,8,8,8,8]]],0,0,[],[],[]]
