[1,0,0,[["cc.Skeleton",["_name","_hash","_joints","_bindposes"],0,12]],[[0,0,1,2,3,4]],[[0,"Skin-0",1252759944,["Armature/mixamorig:Hips","Armature/mixamorig:Hips/mixamorig:Spine","Armature/mixamorig:Hips/mixamorig:Spine/mixamorig:Spine1","Armature/mixamorig:Hips/mixamorig:Spine/mixamorig:Spine1/mixamorig:Spine2","Armature/mixamorig:Hips/mixamorig:Spine/mixamorig:Spine1/mixamorig:Spine2/mixamorig:Neck","Armature/mixamorig:Hips/mixamorig:Spine/mixamorig:Spine1/mixamorig:Spine2/mixamorig:Neck/mixamorig:Head","Armature/mixamorig:Hips/mixamorig:Spine/mixamorig:Spine1/mixamorig:Spine2/mixamorig:Neck/mixamorig:Head/mixamorig:HeadTop_End","Armature/mixamorig:Hips/mixamorig:Spine/mixamorig:Spine1/mixamorig:Spine2/mixamorig:LeftShoulder","Armature/mixamorig:Hips/mixamorig:Spine/mixamorig:Spine1/mixamorig:Spine2/mixamorig:LeftShoulder/mixamorig:LeftArm","Armature/mixamorig:Hips/mixamorig:Spine/mixamorig:Spine1/mixamorig:Spine2/mixamorig:LeftShoulder/mixamorig:LeftArm/mixamorig:LeftForeArm","Armature/mixamorig:Hips/mixamorig:Spine/mixamorig:Spine1/mixamorig:Spine2/mixamorig:LeftShoulder/mixamorig:LeftArm/mixamorig:LeftForeArm/mixamorig:LeftHand","Armature/mixamorig:Hips/mixamorig:Spine/mixamorig:Spine1/mixamorig:Spine2/mixamorig:LeftShoulder/mixamorig:LeftArm/mixamorig:LeftForeArm/mixamorig:LeftHand/mixamorig:LeftHandThumb1","Armature/mixamorig:Hips/mixamorig:Spine/mixamorig:Spine1/mixamorig:Spine2/mixamorig:LeftShoulder/mixamorig:LeftArm/mixamorig:LeftForeArm/mixamorig:LeftHand/mixamorig:LeftHandThumb1/mixamorig:LeftHandThumb2","Armature/mixamorig:Hips/mixamorig:Spine/mixamorig:Spine1/mixamorig:Spine2/mixamorig:LeftShoulder/mixamorig:LeftArm/mixamorig:LeftForeArm/mixamorig:LeftHand/mixamorig:LeftHandThumb1/mixamorig:LeftHandThumb2/mixamorig:LeftHandThumb3","Armature/mixamorig:Hips/mixamorig:Spine/mixamorig:Spine1/mixamorig:Spine2/mixamorig:LeftShoulder/mixamorig:LeftArm/mixamorig:LeftForeArm/mixamorig:LeftHand/mixamorig:LeftHandThumb1/mixamorig:LeftHandThumb2/mixamorig:LeftHandThumb3/mixamorig:LeftHandThumb4","Armature/mixamorig:Hips/mixamorig:Spine/mixamorig:Spine1/mixamorig:Spine2/mixamorig:LeftShoulder/mixamorig:LeftArm/mixamorig:LeftForeArm/mixamorig:LeftHand/mixamorig:LeftHandIndex1","Armature/mixamorig:Hips/mixamorig:Spine/mixamorig:Spine1/mixamorig:Spine2/mixamorig:LeftShoulder/mixamorig:LeftArm/mixamorig:LeftForeArm/mixamorig:LeftHand/mixamorig:LeftHandIndex1/mixamorig:LeftHandIndex2","Armature/mixamorig:Hips/mixamorig:Spine/mixamorig:Spine1/mixamorig:Spine2/mixamorig:LeftShoulder/mixamorig:LeftArm/mixamorig:LeftForeArm/mixamorig:LeftHand/mixamorig:LeftHandIndex1/mixamorig:LeftHandIndex2/mixamorig:LeftHandIndex3","Armature/mixamorig:Hips/mixamorig:Spine/mixamorig:Spine1/mixamorig:Spine2/mixamorig:LeftShoulder/mixamorig:LeftArm/mixamorig:LeftForeArm/mixamorig:LeftHand/mixamorig:LeftHandIndex1/mixamorig:LeftHandIndex2/mixamorig:LeftHandIndex3/mixamorig:LeftHandIndex4","Armature/mixamorig:Hips/mixamorig:Spine/mixamorig:Spine1/mixamorig:Spine2/mixamorig:LeftShoulder/mixamorig:LeftArm/mixamorig:LeftForeArm/mixamorig:LeftHand/mixamorig:LeftHandMiddle1","Armature/mixamorig:Hips/mixamorig:Spine/mixamorig:Spine1/mixamorig:Spine2/mixamorig:LeftShoulder/mixamorig:LeftArm/mixamorig:LeftForeArm/mixamorig:LeftHand/mixamorig:LeftHandMiddle1/mixamorig:LeftHandMiddle2","Armature/mixamorig:Hips/mixamorig:Spine/mixamorig:Spine1/mixamorig:Spine2/mixamorig:LeftShoulder/mixamorig:LeftArm/mixamorig:LeftForeArm/mixamorig:LeftHand/mixamorig:LeftHandMiddle1/mixamorig:LeftHandMiddle2/mixamorig:LeftHandMiddle3","Armature/mixamorig:Hips/mixamorig:Spine/mixamorig:Spine1/mixamorig:Spine2/mixamorig:LeftShoulder/mixamorig:LeftArm/mixamorig:LeftForeArm/mixamorig:LeftHand/mixamorig:LeftHandMiddle1/mixamorig:LeftHandMiddle2/mixamorig:LeftHandMiddle3/mixamorig:LeftHandMiddle4","Armature/mixamorig:Hips/mixamorig:Spine/mixamorig:Spine1/mixamorig:Spine2/mixamorig:LeftShoulder/mixamorig:LeftArm/mixamorig:LeftForeArm/mixamorig:LeftHand/mixamorig:LeftHandRing1","Armature/mixamorig:Hips/mixamorig:Spine/mixamorig:Spine1/mixamorig:Spine2/mixamorig:LeftShoulder/mixamorig:LeftArm/mixamorig:LeftForeArm/mixamorig:LeftHand/mixamorig:LeftHandRing1/mixamorig:LeftHandRing2","Armature/mixamorig:Hips/mixamorig:Spine/mixamorig:Spine1/mixamorig:Spine2/mixamorig:LeftShoulder/mixamorig:LeftArm/mixamorig:LeftForeArm/mixamorig:LeftHand/mixamorig:LeftHandRing1/mixamorig:LeftHandRing2/mixamorig:LeftHandRing3","Armature/mixamorig:Hips/mixamorig:Spine/mixamorig:Spine1/mixamorig:Spine2/mixamorig:LeftShoulder/mixamorig:LeftArm/mixamorig:LeftForeArm/mixamorig:LeftHand/mixamorig:LeftHandRing1/mixamorig:LeftHandRing2/mixamorig:LeftHandRing3/mixamorig:LeftHandRing4","Armature/mixamorig:Hips/mixamorig:Spine/mixamorig:Spine1/mixamorig:Spine2/mixamorig:RightShoulder","Armature/mixamorig:Hips/mixamorig:Spine/mixamorig:Spine1/mixamorig:Spine2/mixamorig:RightShoulder/mixamorig:RightArm","Armature/mixamorig:Hips/mixamorig:Spine/mixamorig:Spine1/mixamorig:Spine2/mixamorig:RightShoulder/mixamorig:RightArm/mixamorig:RightForeArm","Armature/mixamorig:Hips/mixamorig:Spine/mixamorig:Spine1/mixamorig:Spine2/mixamorig:RightShoulder/mixamorig:RightArm/mixamorig:RightForeArm/mixamorig:RightHand","Armature/mixamorig:Hips/mixamorig:Spine/mixamorig:Spine1/mixamorig:Spine2/mixamorig:RightShoulder/mixamorig:RightArm/mixamorig:RightForeArm/mixamorig:RightHand/mixamorig:RightHandThumb1","Armature/mixamorig:Hips/mixamorig:Spine/mixamorig:Spine1/mixamorig:Spine2/mixamorig:RightShoulder/mixamorig:RightArm/mixamorig:RightForeArm/mixamorig:RightHand/mixamorig:RightHandThumb1/mixamorig:RightHandThumb2","Armature/mixamorig:Hips/mixamorig:Spine/mixamorig:Spine1/mixamorig:Spine2/mixamorig:RightShoulder/mixamorig:RightArm/mixamorig:RightForeArm/mixamorig:RightHand/mixamorig:RightHandThumb1/mixamorig:RightHandThumb2/mixamorig:RightHandThumb3","Armature/mixamorig:Hips/mixamorig:Spine/mixamorig:Spine1/mixamorig:Spine2/mixamorig:RightShoulder/mixamorig:RightArm/mixamorig:RightForeArm/mixamorig:RightHand/mixamorig:RightHandThumb1/mixamorig:RightHandThumb2/mixamorig:RightHandThumb3/mixamorig:RightHandThumb4","Armature/mixamorig:Hips/mixamorig:Spine/mixamorig:Spine1/mixamorig:Spine2/mixamorig:RightShoulder/mixamorig:RightArm/mixamorig:RightForeArm/mixamorig:RightHand/mixamorig:RightHandIndex1","Armature/mixamorig:Hips/mixamorig:Spine/mixamorig:Spine1/mixamorig:Spine2/mixamorig:RightShoulder/mixamorig:RightArm/mixamorig:RightForeArm/mixamorig:RightHand/mixamorig:RightHandIndex1/mixamorig:RightHandIndex2","Armature/mixamorig:Hips/mixamorig:Spine/mixamorig:Spine1/mixamorig:Spine2/mixamorig:RightShoulder/mixamorig:RightArm/mixamorig:RightForeArm/mixamorig:RightHand/mixamorig:RightHandIndex1/mixamorig:RightHandIndex2/mixamorig:RightHandIndex3","Armature/mixamorig:Hips/mixamorig:Spine/mixamorig:Spine1/mixamorig:Spine2/mixamorig:RightShoulder/mixamorig:RightArm/mixamorig:RightForeArm/mixamorig:RightHand/mixamorig:RightHandIndex1/mixamorig:RightHandIndex2/mixamorig:RightHandIndex3/mixamorig:RightHandIndex4","Armature/mixamorig:Hips/mixamorig:Spine/mixamorig:Spine1/mixamorig:Spine2/mixamorig:RightShoulder/mixamorig:RightArm/mixamorig:RightForeArm/mixamorig:RightHand/mixamorig:RightHandMiddle1","Armature/mixamorig:Hips/mixamorig:Spine/mixamorig:Spine1/mixamorig:Spine2/mixamorig:RightShoulder/mixamorig:RightArm/mixamorig:RightForeArm/mixamorig:RightHand/mixamorig:RightHandMiddle1/mixamorig:RightHandMiddle2","Armature/mixamorig:Hips/mixamorig:Spine/mixamorig:Spine1/mixamorig:Spine2/mixamorig:RightShoulder/mixamorig:RightArm/mixamorig:RightForeArm/mixamorig:RightHand/mixamorig:RightHandMiddle1/mixamorig:RightHandMiddle2/mixamorig:RightHandMiddle3","Armature/mixamorig:Hips/mixamorig:Spine/mixamorig:Spine1/mixamorig:Spine2/mixamorig:RightShoulder/mixamorig:RightArm/mixamorig:RightForeArm/mixamorig:RightHand/mixamorig:RightHandMiddle1/mixamorig:RightHandMiddle2/mixamorig:RightHandMiddle3/mixamorig:RightHandMiddle4","Armature/mixamorig:Hips/mixamorig:Spine/mixamorig:Spine1/mixamorig:Spine2/mixamorig:RightShoulder/mixamorig:RightArm/mixamorig:RightForeArm/mixamorig:RightHand/mixamorig:RightHandRing1","Armature/mixamorig:Hips/mixamorig:Spine/mixamorig:Spine1/mixamorig:Spine2/mixamorig:RightShoulder/mixamorig:RightArm/mixamorig:RightForeArm/mixamorig:RightHand/mixamorig:RightHandRing1/mixamorig:RightHandRing2","Armature/mixamorig:Hips/mixamorig:Spine/mixamorig:Spine1/mixamorig:Spine2/mixamorig:RightShoulder/mixamorig:RightArm/mixamorig:RightForeArm/mixamorig:RightHand/mixamorig:RightHandRing1/mixamorig:RightHandRing2/mixamorig:RightHandRing3","Armature/mixamorig:Hips/mixamorig:Spine/mixamorig:Spine1/mixamorig:Spine2/mixamorig:RightShoulder/mixamorig:RightArm/mixamorig:RightForeArm/mixamorig:RightHand/mixamorig:RightHandRing1/mixamorig:RightHandRing2/mixamorig:RightHandRing3/mixamorig:RightHandRing4","Armature/mixamorig:Hips/mixamorig:LeftUpLeg","Armature/mixamorig:Hips/mixamorig:LeftUpLeg/mixamorig:LeftLeg","Armature/mixamorig:Hips/mixamorig:LeftUpLeg/mixamorig:LeftLeg/mixamorig:LeftFoot","Armature/mixamorig:Hips/mixamorig:LeftUpLeg/mixamorig:LeftLeg/mixamorig:LeftFoot/mixamorig:LeftToeBase","Armature/mixamorig:Hips/mixamorig:LeftUpLeg/mixamorig:LeftLeg/mixamorig:LeftFoot/mixamorig:LeftToeBase/mixamorig:LeftToe_End","Armature/mixamorig:Hips/mixamorig:RightUpLeg","Armature/mixamorig:Hips/mixamorig:RightUpLeg/mixamorig:RightLeg","Armature/mixamorig:Hips/mixamorig:RightUpLeg/mixamorig:RightLeg/mixamorig:RightFoot","Armature/mixamorig:Hips/mixamorig:RightUpLeg/mixamorig:RightLeg/mixamorig:RightFoot/mixamorig:RightToeBase","Armature/mixamorig:Hips/mixamorig:RightUpLeg/mixamorig:RightLeg/mixamorig:RightFoot/mixamorig:RightToeBase/mixamorig:RightToe_End"],[[[7,0.9999998807907104,-6.730259460852039e-9,-6.752089554140639e-9,0,6.730260349030459e-9,0.9999998807907104,1.6356352716684341e-7,0,6.752089110051429e-9,-1.6356354137769813e-7,1,0,-0.5565804839134216,-0.0015193176222965121,-0.11987722665071487,1],[7,0.9999998807907104,-5.4674291760647975e-9,-7.809886959364576e-9,0,6.730260793119669e-9,0.9850711226463318,0.17214782536029816,0,6.752088665962219e-9,-0.17214787006378174,0.9850711226463318,0,-0.5565804839134216,-0.23034870624542236,-0.11834917217493057,1],[7,0.9999998807907104,-5.4674291760647975e-9,-7.809886959364576e-9,0,6.730260349030459e-9,0.9850711226463318,0.17214778065681458,0,6.752089110051429e-9,-0.17214782536029816,0.9850711226463318,0,-0.5565804839134216,-0.5214186310768127,-0.11834918707609177,1],[7,0.9999998807907104,-5.467430064243217e-9,-7.809887847542996e-9,0,6.730260793119669e-9,0.9850713014602661,0.17214778065681458,0,6.752089554140639e-9,-0.17214782536029816,0.9850713014602661,0,-0.5565804839134216,-0.8540711998939514,-0.1183491125702858,1],[7,0.9999998807907104,-6.730260349030459e-9,-6.752089554140639e-9,0,6.730260793119669e-9,1,1.8678579749575874e-7,0,6.752089110051429e-9,-1.867858401283229e-7,1,0,-0.5565804839134216,-1.2303396463394165,0.09486725926399231,1],[7,0.9999998807907104,-6.730260349030459e-9,-6.752089554140639e-9,0,6.730260793119669e-9,1,1.6384176149131235e-7,0,6.752089110051429e-9,-1.638418041238765e-7,1,0,-0.5565804839134216,-1.704187273979187,0.06796275824308395,1],[7,0.9999998807907104,-6.730260349030459e-9,-6.752089554140639e-9,0,6.730260793119669e-9,1,1.6384177570216707e-7,0,6.752089110051429e-9,-1.6384181833473122e-7,1,0,-0.5565804839134216,-4.959834098815918,-0.11688944697380066,1],[7,-0.03613718971610069,0.9862488508224487,-0.16126616299152374,0,-0.17110653221607208,-0.16509483754634857,-0.9713217616081238,0,-0.9845893383026123,-0.0075071463361382484,0.17471981048583984,0,0.1375797837972641,-0.7273809909820557,1.3035399913787842,1],[7,0.015405332669615746,0.7163251638412476,-0.6975964903831482,0,0.13706614077091217,-0.6926059126853943,-0.7081736922264099,0,-0.990442156791687,-0.08470721542835236,-0.10885375738143921,0,-0.2715013325214386,-0.4981707036495209,1.906913161277771,1],[7,-0.2486846148967743,0.9641353487968445,-0.09272713214159012,0,-0.9405081272125244,-0.263249933719635,-0.21481019258499146,0,-0.23151659965515137,0.03379064053297043,0.9722438454627991,0,1.1220545768737793,-1.8031046390533447,0.48144716024398804,1],[7,-0.2750014662742615,0.9613854885101318,0.010573790408670902,0,-0.08897119015455246,-0.014496237970888615,-0.9959286451339722,0,-0.9573181867599487,-0.2748226821422577,0.08952213078737259,0,0.6092938780784607,-2.4247286319732666,0.5496255159378052,1],[7,0.6700555682182312,0.5009423494338989,-0.547797679901123,0,-0.05939707159996033,-0.6994142532348633,-0.7122440338134766,0,-0.7399308085441589,0.5097807049751282,-0.4388920068740845,0,-1.7016971111297607,-0.9068792462348938,1.7109649181365967,1],[7,0.6700554490089417,0.5434792041778564,-0.5056242346763611,0,-0.059397224336862564,-0.6397102475166321,-0.7663175463676453,0,-0.7399307489395142,0.543507993221283,-0.3963603377342224,0,-1.6753896474838257,-1.1389425992965698,1.6244233846664429,1],[7,0.670054018497467,0.7005816102027893,-0.24538323283195496,0,-0.05939853563904762,-0.27890363335609436,-0.9584802985191345,0,-0.7399320602416992,0.6568090915679932,-0.14526702463626862,0,-1.6801307201385498,-1.7783498764038086,0.9950350522994995,1],[7,0.670054018497467,0.7005817890167236,-0.24538318812847137,0,-0.05939856916666031,-0.2789035737514496,-0.9584804177284241,0,-0.7399321794509888,0.6568092107772827,-0.14526692032814026,0,-1.7016929388046265,-1.8163278102874756,0.9950347542762756,1],[7,0.045652516186237335,0.987514853477478,-0.15076491236686707,0,-0.08895278722047806,-0.14630410075187683,-0.985232412815094,0,-0.994989275932312,0.05838928371667862,0.08116307109594345,0,-0.10640091449022293,-2.533099889755249,0.9762625098228455,1],[7,0.04565247520804405,0.985296905040741,-0.16463623940944672,0,-0.08895277976989746,-0.16014376282691956,-0.9830774068832397,0,-0.9949892163276672,0.05952475592494011,0.08033397048711777,0,-0.10628119111061096,-2.6452624797821045,1.0135600566864014,1],[7,0.045652538537979126,0.9876825213432312,0.1496623456478119,0,-0.08895290642976761,0.15324266254901886,-0.9841768145561218,0,-0.9949892163276672,0.03161727264523506,0.09485317766666412,0,-0.10622052848339081,-2.9378018379211426,0.10597864538431168,1],[7,0.04565253481268883,0.9876825213432312,0.14966237545013428,0,-0.08895290642976761,0.15324269235134125,-0.9841768145561218,0,-0.9949892163276672,0.03161726891994476,0.09485318511724472,0,-0.10640089213848114,-3.014577865600586,0.10597890615463257,1],[7,-0.010744803585112095,0.9933703541755676,-0.11445507407188416,0,-0.08963502198457718,-0.11495770514011383,-0.9893181920051575,0,-0.9959169030189514,-0.0003708472358994186,0.09027599543333054,0,-0.1063905879855156,-2.572584629058838,0.8908292651176453,1],[7,-0.010744712315499783,0.9840157628059387,-0.1777568757534027,0,-0.08963491022586823,-0.17799927294254303,-0.9799397587776184,0,-0.9959169030189514,0.005404050461947918,0.09011473506689072,0,-0.10638192296028137,-2.636451244354248,1.0616304874420166,1],[7,-0.010744578205049038,0.9723881483078003,-0.23312200605869293,0,-0.08963481336832047,-0.23313352465629578,-0.9683049321174622,0,-0.9959169030189514,0.010491820052266121,0.0896647572517395,0,-0.10638405382633209,-2.6933114528656006,1.2158936262130737,1],[7,-0.010744577273726463,0.9723881483078003,-0.23312203586101532,0,-0.08963479101657867,-0.23313355445861816,-0.9683049321174622,0,-0.9959169030189514,0.010491818189620972,0.08966473489999771,0,-0.10639142990112305,-2.7750935554504395,1.2158935070037842,1],[7,-0.06580571830272675,0.9977293014526367,-0.01433949451893568,0,-0.09002594649791718,-0.02024850994348526,-0.9957337379455566,0,-0.9937633275985718,-0.06423403322696686,0.09115401655435562,0,-0.09036906808614731,-2.6752028465270996,0.6139355897903442,1],[7,-0.06580572575330734,0.9928669929504395,-0.09941907972097397,0,-0.090025894343853,-0.10513623058795929,-0.9903743863105774,0,-0.9937631487846375,-0.05622202157974243,0.09630235284566879,0,-0.09023378044366837,-2.701688051223755,0.8475492000579834,1],[7,-0.06580568104982376,0.905646026134491,-0.4188969135284424,0,-0.09002573788166046,-0.4234832525253296,-0.9014195203781128,0,-0.9937632083892822,-0.02160702459514141,0.10939909517765045,0,-0.09017721563577652,-2.367901086807251,1.7171050310134888,1],[7,-0.06580567359924316,0.9056459665298462,-0.4188969135284424,0,-0.09002573788166046,-0.4234832227230072,-0.9014195799827576,0,-0.9937632083892822,-0.021607015281915665,0.10939910262823105,0,-0.09036929160356522,-2.428746461868286,1.7171052694320679,1],[7,-0.02113480679690838,-0.9862489104270935,0.16390825808048248,0,0.17104779183864594,-0.16509461402893066,-0.9713321924209595,0,0.9850360751152039,0.007507226895540953,0.1721850037574768,0,-0.10563915222883224,0.37189704179763794,1.1223175525665283,1],[7,0.042676690965890884,-0.7139204740524292,0.6989250183105469,0,-0.2105337679386139,-0.6902799010276794,-0.6922348737716675,0,0.976654589176178,-0.11760501563549042,-0.1797632873058319,0,0.3283679783344269,0.29681164026260376,1.1102993488311768,1],[7,-0.23825404047966003,-0.9638345241546631,0.1194048672914505,0,0.9215371012687683,-0.2631678581237793,-0.28550317883491516,0,0.30660152435302734,0.04201372712850571,0.9509102702140808,0,-0.8113152384757996,-0.7284293174743652,0.4486711919307709,1],[7,-0.31133782863616943,-0.948788046836853,-0.05357006564736366,0,0.09054563194513321,0.02649783529341221,-0.9955397844314575,0,0.9459757804870605,-0.3147996962070465,0.07765886932611465,0,-0.35926389694213867,-1.3644939661026,0.49999240040779114,1],[7,0.7215988039970398,-0.5235258936882019,0.4530075788497925,0,0.015162304043769836,-0.6422328352928162,-0.7663597464561462,0,0.6921454668045044,0.5598728060722351,-0.45549672842025757,0,1.047800064086914,-0.3863951563835144,1.0005714893341064,1],[7,0.7216002941131592,-0.43456730246543884,0.5389289259910583,0,0.015161546878516674,-0.7683439254760742,-0.6398577094078064,0,0.692143976688385,0.4698924720287323,-0.5478485822677612,0,1.0252896547317505,-0.28079310059547424,1.067566990852356,1],[7,0.7215989828109741,-0.5927011966705322,0.3577713668346405,0,0.015162528492510319,-0.5031238794326782,-0.8640814423561096,0,0.6921454071998596,0.6289448142051697,-0.35406693816185,0,1.0185136795043945,-0.7227734327316284,0.87299644947052,1],[7,0.7215989232063293,-0.5927013158798218,0.35777127742767334,0,0.015162377618253231,-0.503123939037323,-0.8640814423561096,0,0.6921454071998596,0.6289447546005249,-0.35406702756881714,0,1.047800064086914,-0.7854501605033875,0.8729965686798096,1],[7,0.06466235965490341,-0.9877195954322815,0.14222633838653564,0,0.07414816319942474,-0.13737501204013824,-0.9877398610115051,0,0.9951484203338623,0.07441543787717819,0.06435464322566986,0,0.09730721265077591,-1.418857455253601,0.8013570308685303,1],[7,0.0646623745560646,-0.9733724594116211,0.21991974115371704,0,0.07414811849594116,-0.2150851935148239,-0.9737765192985535,0,0.9951485991477966,0.07927335053682327,0.058265846222639084,0,0.09729711711406708,-1.475243330001831,0.9209515452384949,1],[7,0.0646623820066452,-0.9940391778945923,-0.0877775177359581,0,0.07414808124303818,0.09250447154045105,-0.9929476380348206,0,0.9951485991477966,0.0576978400349617,0.0796876847743988,0,0.0974455401301384,-1.8071900606155396,0.3876816928386688,1],[7,0.0646623745560646,-0.9940391778945923,-0.08777730166912079,0,0.07414807379245758,0.09250425547361374,-0.9929476976394653,0,0.9951485991477966,0.0576978474855423,0.07968766242265701,0,0.0973072350025177,-1.900071620941162,0.3876824378967285,1],[7,0.04562840610742569,-0.9911205172538757,0.12489072978496552,0,0.07524824887514114,-0.12125565111637115,-0.989764928817749,0,0.9961202144622803,0.054559219628572464,0.06904742121696472,0,0.21327902376651764,-1.4566963911056519,0.7812501788139343,1],[7,0.04562839865684509,-0.9765238165855408,0.21052125096321106,0,0.0752481147646904,-0.20678214728832245,-0.9754891991615295,0,0.996120274066925,0.06035134568810463,0.0640464723110199,0,0.21306709945201874,-1.4967615604400635,0.9147385954856873,1],[7,0.04562843590974808,-0.923414409160614,0.3810825049877167,0,0.07524814456701279,-0.3772188127040863,-0.9230623245239258,0,0.9961203336715698,0.07079364359378815,0.05227334052324295,0,0.21304161846637726,-1.4346977472305298,1.1892858743667603,1],[7,0.04562843590974808,-0.9234142899513245,0.3810825049877167,0,0.07524814456701279,-0.3772187829017639,-0.923062264919281,0,0.996120274066925,0.07079363614320755,0.05227334424853325,0,0.21327915787696838,-1.5099819898605347,1.1892857551574707,1],[7,-0.11514373123645782,-0.984089732170105,0.13531114161014557,0,0.08340934664011002,-0.1453143209218979,-0.985863447189331,0,0.9898406863212585,-0.10222980380058289,0.09881436824798584,0,0.08690701425075531,-1.4623403549194336,0.7987455725669861,1],[7,-0.11514383554458618,-0.9833390712738037,0.14066307246685028,0,0.08340955525636673,-0.15067578852176666,-0.9850581288337708,0,0.9898406267166138,-0.10169076919555664,0.09936930984258652,0,0.08732493221759796,-1.5656404495239258,0.8072753548622131,1],[7,-0.11514388024806976,-0.992967963218689,-0.027501078322529793,0,0.08340957015752792,0.017922740429639816,-0.9963542222976685,0,0.9898406267166138,-0.11701798439025879,0.08075937628746033,0,0.08771857619285583,-1.7803468704223633,0.5138612985610962,1],[7,-0.11514385044574738,-0.9929678440093994,-0.027501091361045837,0,0.08340955525636673,0.01792275905609131,-0.9963541030883789,0,0.989840567111969,-0.1170179545879364,0.08075934648513794,0,0.08690652251243591,-1.8611937761306763,0.5138611793518066,1],[7,-0.9999998807907104,-6.025582877100533e-8,3.514457702635809e-8,0,5.9043493649824086e-8,-0.9994376301765442,-0.03353272005915642,0,3.7144669562394483e-8,-0.03353210166096687,0.9994562864303589,0,1.188450813293457,-0.13183462619781494,-0.0970957949757576,1],[7,-0.961907148361206,-0.27330321073532104,-0.006297821179032326,0,0.2732219994068146,-0.9603384137153625,-0.05567328631877899,0,0.00916748121380806,-0.05527222901582718,0.9984476566314697,0,1.334388017654419,-0.34556859731674194,-0.10508613288402557,1],[7,-0.9226691126823425,0.056725259870290756,0.38140320777893066,0,0.24546903371810913,-0.6764081716537476,0.694429874420166,0,0.29737141728401184,0.7343542575836182,0.6101728081703186,0,1.247057318687439,-0.7662156224250793,0.2196846902370453,1],[7,-0.9790444374084473,-0.0931505411863327,-0.18109411001205444,0,-0.1817794293165207,-0.0011450527235865593,0.9833385944366455,0,-0.09180422127246857,0.9956697225570679,-0.015811512246727943,0,0.9147440791130066,-0.27076297998428345,1.4609671831130981,1],[7,-0.9790446758270264,-0.09315039217472076,-0.18109409511089325,0,-0.1817794293165207,-0.0011450840393081307,0.9833388328552246,0,-0.09180410206317902,0.9956697821617126,-0.015811452642083168,0,0.9147434830665588,-0.5173666477203369,1.460966944694519,1],[7,-0.9999998807907104,7.419006919917592e-8,4.6371216200213894e-8,0,-7.583535222011051e-8,-0.9993317723274231,-0.036569688469171524,0,4.3615969502752705e-8,-0.036560364067554474,0.999586820602417,0,-0.07528993487358093,-0.1317286193370819,-0.09235689043998718,1],[7,-0.9618825316429138,0.273451030254364,0.002535718958824873,0,-0.2732797861099243,-0.9608591794967651,-0.045489825308322906,0,-0.010000213980674744,-0.04443749412894249,0.9992175102233887,0,-0.2636767327785492,-0.6512569189071655,-0.09840592741966248,1],[7,-0.9207808375358582,-0.05683604255318642,-0.3859969675540924,0,-0.24814431369304657,-0.678212583065033,0.6918622255325317,0,-0.3010464608669281,0.7328708171844482,0.6103274822235107,0,-0.22352224588394165,-0.7019787430763245,0.6440500617027283,1],[7,-0.9783260226249695,0.09599503874778748,0.18349620699882507,0,0.18423277139663696,-0.0012061888119205832,0.9828832745552063,0,0.09454944729804993,0.9956344962120056,-0.01650122180581093,0,0.1776965856552124,-0.3691141903400421,1.2590250968933105,1],[7,-0.9783257842063904,0.09599509090185165,0.1834975630044937,0,0.1842341274023056,-0.0012061629677191377,0.9828830361366272,0,0.09454946219921112,0.9956344962120056,-0.01650138758122921,0,0.1777084320783615,-0.6084100604057312,1.2590163946151733,1]],8,8,8,8,8,8,8,8,8,8,8,8,8,8,8,8,8,8,8,8,8,8,8,8,8,8,8,8,8,8,8,8,8,8,8,8,8,8,8,8,8,8,8,8,8,8,8,8,8,8,8,8,8,8,8,8,8]]],0,0,[],[],[]]
