[1,0,0,[["cc.Skeleton",["_name","_hash","_joints","_bindposes"],0,12]],[[0,0,1,2,3,4]],[[0,"Bone_pos_Top",1511478782,["Bone_pos_Top/Bone_Top_01","Bone_pos_Top/Bone_Top_01/Bone_Top_02","Bone_pos_Top/Bone_L_Top_Beard_01","Bone_pos_Top/Bone_L_Top_Beard_01/Bone_L_Top_Beard_02","Bone_pos_Top/Bone_R_Top_Beard_01","Bone_pos_Top/Bone_R_Top_Beard_01/Bone_R_Top_Beard_02","Bone_pos_Top/Bone_L_Ear_01","Bone_pos_Top/Bone_L_Ear_01/Bone_L_Ear_02","Bone_pos_Top/Bone_R_Ear_01","Bone_pos_Top/Bone_R_Ear_01/Bone_R_Ear_02"],[[[7,0.0000010769391565190745,-0.0000010172482234338531,1,0,1,-0.0000010333825457564672,-0.000001076940179700614,0,0.0000010333836826248444,1,0.000001017247086565476,0,-0.9074903130531311,8.699144018464722e-7,9.844914075074485e-7,1],[7,0.000001294871253776364,-9.896658639263478e-7,1,0,1,-0.0000010333826594433049,-0.0000012948723906447412,0,0.000001033383796311682,1,9.896644996842952e-7,0,-1.0841383934020996,0.001988491043448448,0.0000012251698535692412,1],[7,0.4149736762046814,-0.8660246729850769,-0.2789228856563568,0,0.7187502980232239,0.5000011920928955,-0.48311135172843933,0,0.5578482151031494,0.0000025331967208330752,0.8299428820610046,0,-0.8885241150856018,-0.21136166155338287,0.18592868745326996,1],[7,0.4149738848209381,-0.86602383852005,-0.2789251506328583,0,0.7187503576278687,0.5000026226043701,-0.48310983180999756,0,0.5578480362892151,3.5762778338721546e-7,0.8299429416656494,0,-1.0979297161102295,-0.2113623172044754,0.18592800199985504,1],[7,-0.4149712324142456,0.8660262227058411,-0.278922438621521,0,0.7187519073486328,0.4999988377094269,0.4831119179725647,0,0.557848334312439,0.0000015348199440268218,-0.8299430012702942,0,-0.8885252475738525,-0.21135908365249634,-0.18592916429042816,1],[7,-0.41497135162353516,0.8660268187522888,-0.2789202034473419,0,0.7187516689300537,0.49999767541885376,0.48311325907707214,0,0.557848334312439,0.000003814698175119702,-0.8299429416656494,0,-1.0979305505752563,-0.21135865151882172,-0.18592983484268188,1],[7,0.5000014901161194,-0.8660246729850769,4.514753584317077e-7,0,0.8660245537757874,0.5000014901161194,-0.0000020942875380569603,0,0.0000015672856079618214,0.0000015564261275358149,1,0,-1.4094693660736084,-0.4030778408050537,0.0000022875171907799086,1],[7,0.5000017881393433,-0.8660244941711426,-0.0000017634459936743951,0,0.866024374961853,0.5000017881393433,-7.22253957974317e-7,0,0.000001486534870309697,-0.000001047768250828085,1,0,-1.6921169757843018,-0.4030781090259552,0.0000010990568171109771,1],[7,-0.49999889731407166,-0.8660259246826172,9.109032816922991e-7,0,0.8660259246826172,-0.49999889731407166,6.130860015218786e-7,0,-3.831027228784478e-8,0.0000010866225466088508,1,0,-1.4094704389572144,0.40307533740997314,-0.0000011055245749957976,1],[7,-0.49999886751174927,-0.8660261034965515,-0.0000013176028232919634,0,0.8660261034965515,-0.49999886751174927,-7.413723892568669e-7,0,2.0435436454135925e-8,-0.000001520549403721816,1,0,-1.6921184062957764,0.40307536721229553,3.918703583849492e-9,1]],8,8,8,8,8,8,8,8,8,8]]],0,0,[],[],[]]
