[1,0,0,[["cc.Skeleton",["_name","_hash","_joints","_bindposes"],0,12]],[[0,0,1,2,3,4]],[[0,"Bone_pos_Leg",3940413704,["Bone_pos_Leg/Bone_R_Thigh","Bone_pos_Leg/Bone_R_Thigh/Bone_R_Caft","Bone_pos_Leg/Bone_R_Thigh/Bone_R_Caft/Bone_R_Foot","Bone_pos_Leg/Bone_R_Thigh/Bone_R_Caft/Bone_R_Foot/Bone_R_Toe","Bone_pos_Leg/Bone_L_Thigh","Bone_pos_Leg/Bone_L_Thigh/Bone_L_Caft","Bone_pos_Leg/Bone_L_Thigh/Bone_L_Caft/Bone_L_Foot","Bone_pos_Leg/Bone_L_Thigh/Bone_L_Caft/Bone_L_Foot/Bone_L_Toe"],[[[7,-0.18476419150829315,0.9823339581489563,0.02971023879945278,0,-0.9665230512619019,-0.18710049986839294,0.17557507753372192,0,0.1780315339565277,0.0037250956520438194,0.984021782875061,0,0.11047964543104172,0.1908225119113922,-0.020709648728370667,1],[7,-0.18645578622817993,0.9823464751243591,-0.015172821469604969,0,-0.9805244207382202,-0.18703533709049225,-0.05991517752408981,0,-0.0616968609392643,0.0037065225187689066,0.9980921149253845,0,0.060755278915166855,0.1908186972141266,-0.006408942863345146,1],[7,-0.00034112276625819504,1.0000004768371582,-0.000049230511649511755,0,-0.09582647681236267,0.00001637785680941306,0.995398223400116,0,0.9954019784927368,0.00034525245428085327,0.09582799673080444,0,-0.0023891155142337084,0.18780305981636047,-0.034338001161813736,1],[7,-0.0003410280914977193,1.0000003576278687,-0.0000492772160214372,0,-0.09587878733873367,0.00001641532981011551,0.9953931570053101,0,0.9953969120979309,0.0003451635129749775,0.09588030725717545,0,-0.08290621638298035,0.18780261278152466,-0.042100030928850174,1],[7,0.11210058629512787,0.9932622909545898,-0.029390376061201096,0,-0.9608585238456726,0.1158888041973114,0.25163957476615906,0,0.25334635376930237,0.00002935945667559281,0.9673901796340942,0,0.12174433469772339,-0.1822359561920166,-0.03187970817089081,1],[7,0.1148691475391388,0.9932745099067688,0.014536513946950436,0,-0.9853602647781372,0.11578475683927536,-0.1251426637172699,0,-0.1259930580854416,0.00004964583058608696,0.9920451641082764,0,0.07567758113145828,-0.18222834169864655,-0.003920879680663347,1],[7,-0.0003443059977144003,1.0000001192092896,-0.00005241965118329972,0,-0.10085012018680573,0.000016846466678543948,0.9949025511741638,0,0.9949147701263428,0.0003453181416261941,0.10085853934288025,0,-0.0020900005474686623,-0.17950724065303802,-0.03433055058121681,1],[7,-0.000343958759913221,1.0000001192092896,-0.00005210751260165125,0,-0.10044675320386887,0.000016711806892999448,0.9949433207511902,0,0.9949555397033691,0.00034493417479097843,0.10045516490936279,0,-0.08258819580078125,-0.17950667440891266,-0.042451586574316025,1]],8,8,8,8,8,8,8,8]]],0,0,[],[],[]]
