[1,0,0,[["cc.Skeleton",["_name","_hash","_joints","_bindposes"],0,12]],[[0,0,1,2,3,4]],[[0,"Bone_pos_Back_Wings",3505283958,["Bone_pos_Back_Wings/Bone_L_Wing_01","Bone_pos_Back_Wings/Bone_L_Wing_01/Bone_L_Wing_02","Bone_pos_Back_Wings/Bone_L_Wing_01/Bone_L_Wing_02/Bone_L_Wing_03","Bone_pos_Back_Wings/Bone_R_Wing_01","Bone_pos_Back_Wings/Bone_R_Wing_01/Bone_R_Wing_02","Bone_pos_Back_Wings/Bone_R_Wing_01/Bone_R_Wing_02/Bone_R_Wing_03"],[[[7,0.437462717294693,-0.866025447845459,-0.2421286553144455,0,0.48425912857055664,0.0000011175870895385742,0.8749246597290039,0,-0.757706880569458,-0.49999991059303284,0.4193812310695648,0,-0.6980838179588318,-0.0523940771818161,-0.3357124328613281,1],[7,0.437462717294693,-0.8660248517990112,-0.24213095009326935,0,0.48425906896591187,-0.0000012516975402832031,0.8749247789382935,0,-0.757706880569458,-0.5000010132789612,0.4193798303604126,0,-1.0233001708984375,-0.052393049001693726,-0.3357127606868744,1],[7,0.4374629557132721,-0.8660247325897217,-0.24213092029094696,0,0.4842589795589447,-0.0000011622905731201172,0.8749247789382935,0,-0.7577068209648132,-0.5000011920928955,0.41937971115112305,0,-1.2948497533798218,-0.05239322781562805,-0.33571290969848633,1],[7,-0.4374620020389557,-0.8660253882408142,0.24213026463985443,0,0.48425865173339844,0.0000011473894119262695,0.874924898147583,0,-0.7577074766159058,0.5000000596046448,0.4193798005580902,0,-0.6980836391448975,0.05239257216453552,-0.33571290969848633,1],[7,-0.4374617636203766,-0.8660261631011963,0.24212774634361267,0,0.48425862193107605,-0.0000012218952178955078,0.874924898147583,0,-0.7577075958251953,0.4999985694885254,0.4193812310695648,0,-1.0232999324798584,0.05239325761795044,-0.33571285009384155,1],[7,-0.4374619424343109,-0.8660261034965515,0.24212780594825745,0,0.48425859212875366,-0.0000012516975402832031,0.874924898147583,0,-0.7577074766159058,0.49999871850013733,0.41938114166259766,0,-1.2948493957519531,0.05239349603652954,-0.335712730884552,1]],8,8,8,8,8,8]]],0,0,[],[],[]]
