[1,0,0,[["cc.Skeleton",["_name","_hash","_joints","_bindposes"],0,12]],[[0,0,1,2,3,4]],[[0,"Skin-0",3967918935,["Bone_pos_Arm/Bone_R_Clavine/Bone_R_UpArm","Bone_pos_Arm/Bone_L_Clavine/Bone_L_UpArm","Bone_pos_Arm/Bone_R_Clavine/Bone_R_UpArm/Bone_R_ForeArm","Bone_pos_Arm/Bone_L_Clavine/Bone_L_UpArm/Bone_L_ForeArm","Bone_pos_Arm/Bone_R_Clavine/Bone_R_UpArm/Bone_R_ForeArm/Bone_R_Hand","Bone_pos_Arm/Bone_L_Clavine/Bone_L_UpArm/Bone_L_ForeArm/Bone_L_Hand","Bone_pos_Arm/Bone_R_Clavine/Bone_R_UpArm/Bone_R_ForeArm/Bone_R_Hand/Bone_R_Finger3","Bone_pos_Arm/Bone_R_Clavine/Bone_R_UpArm/Bone_R_ForeArm/Bone_R_Hand/Bone_R_Finger2","Bone_pos_Arm/Bone_R_Clavine/Bone_R_UpArm/Bone_R_ForeArm/Bone_R_Hand/Bone_R_Finger1","Bone_pos_Arm/Bone_L_Clavine/Bone_L_UpArm/Bone_L_ForeArm/Bone_L_Hand/Bone_L_Finger3","Bone_pos_Arm/Bone_L_Clavine/Bone_L_UpArm/Bone_L_ForeArm/Bone_L_Hand/Bone_L_Finger2","Bone_pos_Arm/Bone_L_Clavine/Bone_L_UpArm/Bone_L_ForeArm/Bone_L_Hand/Bone_L_Finger1"],[[[7,-0.6936764717102051,0.01498372945934534,-0.7201308608055115,0,-0.01471661776304245,-0.9998697638511658,-0.006628246977925301,0,-0.720136284828186,0.006000031717121601,0.6938067078590393,0,-0.08203019201755524,0.005320338532328606,-0.7196343541145325,1],[7,0.693570613861084,0.014985053800046444,0.7202328443527222,0,-0.014716440811753273,0.9998698234558105,-0.006631475407630205,0,-0.7202380299568176,-0.005999867804348469,0.6937011480331421,0,-0.08219558000564575,-0.0053270235657691956,-0.7199283242225647,1],[7,-0.7091423869132996,0.010061712935566902,-0.7049936652183533,0,-0.007910455577075481,-0.9999488592147827,-0.006314325612038374,0,-0.7050209641456604,0.0010990650625899434,0.709185779094696,0,-0.09773190319538116,0.004645309876650572,-0.7176932692527771,1],[7,0.7091423273086548,0.010061950422823429,0.7049938440322876,0,-0.007909869775176048,0.9999491572380066,-0.006315248087048531,0,-0.7050207257270813,-0.001097999862395227,0.7091861367225647,0,-0.09800916910171509,-0.004649842157959938,-0.7179693579673767,1],[7,-0.6949201226234436,0.010927962139248848,-0.7190039753913879,0,-0.00906413048505783,-0.9999380707740784,-0.006437297910451889,0,-0.7190297245979309,0.0020437370985746384,0.6949763894081116,0,-0.34155774116516113,0.005058575887233019,-0.7246532440185547,1],[7,0.6949188709259033,0.010928022675216198,0.7190051674842834,0,-0.00906320195645094,0.9999382495880127,-0.0064382790587842464,0,-0.7190306782722473,-0.0020424071699380875,0.6949753761291504,0,-0.3418281078338623,-0.005063414573669434,-0.7249351739883423,1],[7,-0.43532776832580566,-0.8781353831291199,-0.19841505587100983,0,0.13954417407512665,-0.2835484445095062,0.9487507939338684,0,-0.8893917202949524,0.38532984256744385,0.24597512185573578,0,-0.19142012298107147,-0.9531386494636536,-0.2042766809463501,1],[7,-0.5827844142913818,-0.3395822048187256,0.7382727265357971,0,-0.5165227651596069,0.8561602830886841,-0.013930577784776688,0,-0.6273491978645325,-0.38945308327674866,-0.6743587255477905,0,-0.3497850298881531,-0.34720075130462646,0.7456903457641602,1],[7,-0.8219795227050781,0.3865410387516022,-0.4182530641555786,0,0.2021961510181427,-0.4884878993034363,-0.8488205671310425,0,-0.532415509223938,-0.7822822332382202,0.32336997985839844,0,-0.5804563164710999,0.3193373680114746,-0.4085099399089813,1],[7,0.4353272318840027,-0.8781360387802124,0.198415145277977,0,0.1395450383424759,0.2835492193698883,0.9487504363059998,0,-0.8893905282020569,-0.3853297531604767,0.24597622454166412,0,-0.19158989191055298,0.9534826874732971,-0.20435485243797302,1],[7,0.5827831625938416,-0.3395826816558838,-0.7382740378379822,0,-0.5165212750434875,-0.8561607003211975,-0.013929287903010845,0,-0.627348780632019,0.38945189118385315,-0.6743599772453308,0,-0.3500117361545563,0.3473343253135681,0.7459805011749268,1],[7,0.8219801783561707,0.3865410089492798,0.4182528257369995,0,0.20219635963439941,0.48848679661750793,-0.8488214015960693,0,-0.5324156284332275,0.782282292842865,0.32336944341659546,0,-0.5807783603668213,-0.31948888301849365,-0.40867307782173157,1]],8,8,8,8,8,8,8,8,8,8,8,8]]],0,0,[],[],[]]
