[1,0,0,[["cc.Skeleton",["_name","_hash","_joints","_bindposes"],0,12]],[[0,0,1,2,3,4]],[[0,"Bone_pos_Top",1274081704,["Bone_pos_Top/Bone_Top_01","Bone_pos_Top/Bone_Top_01/Bone_Top_02","Bone_pos_Top/Bone_L_Top_Beard_01","Bone_pos_Top/Bone_L_Top_Beard_01/Bone_L_Top_Beard_02","Bone_pos_Top/Bone_R_Top_Beard_01","Bone_pos_Top/Bone_R_Top_Beard_01/Bone_R_Top_Beard_02","Bone_pos_Top/Bone_L_Ear_01","Bone_pos_Top/Bone_L_Ear_01/Bone_L_Ear_02","Bone_pos_Top/Bone_R_Ear_01","Bone_pos_Top/Bone_R_Ear_01/Bone_R_Ear_02"],[[[7,0.000001911404751808732,-5.40411917882011e-7,1,0,1,-0.0000010333825457564672,-0.0000019114052065560827,0,0.0000010333835689380066,1,5.404099283623509e-7,0,-0.9202159643173218,7.791068696860748e-7,0.0000015870780316618038,1],[7,0.000002129336962752859,-5.128295583745057e-7,1,0,1,-0.0000010333826594433049,-0.00000212933741750021,0,0.0000010333836826248444,1,5.128272846377513e-7,0,-1.0968639850616455,0.001988400239497423,0.0000018305297544429777,1],[7,0.41497454047203064,-0.8660242557525635,-0.2789229154586792,0,0.7187499403953552,0.5000019073486328,-0.4831111431121826,0,0.5578480362892151,0.0000029653303954546573,0.8299429416656494,0,-0.8976703882217407,-0.2177249938249588,0.19207637012004852,1],[7,0.41497474908828735,-0.8660235404968262,-0.27892518043518066,0,0.7187500596046448,0.5000033974647522,-0.48310965299606323,0,0.5578479170799255,7.897614295870881e-7,0.8299431204795837,0,-1.1070762872695923,-0.2177257239818573,0.19207563996315002,1],[7,-0.4149703085422516,0.8660266399383545,-0.2789224088191986,0,0.7187522053718567,0.4999980926513672,0.4831121265888214,0,0.5578485131263733,0.000001102686155718402,-0.8299428224563599,0,-0.8976721167564392,-0.2177213728427887,-0.19207710027694702,1],[7,-0.4149705171585083,0.8660272359848022,-0.27892017364501953,0,0.7187520861625671,0.49999701976776123,0.48311349749565125,0,0.5578485131263733,0.000003367663339304272,-0.8299428820610046,0,-1.1070775985717773,-0.2177209109067917,-0.19207777082920074,1],[7,0.5000022053718567,-0.8660242557525635,9.283108397539763e-7,0,0.8660241365432739,0.5000022053718567,-0.0000020942886749253375,0,0.0000013288669151734211,0.0000019693791273311945,1,0,-1.42048978805542,-0.409441202878952,0.0000022102115053712623,1],[7,0.5000025033950806,-0.8660240769386292,-0.0000012866094039054587,0,0.8660239577293396,0.5000025033950806,-7.222532190098718e-7,0,0.0000012481158364607836,-6.34815421562962e-7,1,0,-1.7031373977661133,-0.4094415009021759,0.0000010042896292361547,1],[7,-0.49999821186065674,-0.8660264611244202,0.0000013877410083296127,0,0.8660264611244202,-0.49999821186065674,6.130844099061505e-7,0,2.001081611524569e-7,0.0000014995757737779059,1,0,-1.4204915761947632,0.4094376862049103,-0.0000012172835113233305,1],[7,-0.4999981224536896,-0.8660265207290649,-8.407663472098648e-7,0,0.8660265207290649,-0.4999981224536896,-7.413721618831914e-7,0,2.5885387344715127e-7,-0.0000011075962902395986,1,0,-1.7031394243240356,0.4094376564025879,-9.060511274583405e-8,1]],8,8,8,8,8,8,8,8,8,8]]],0,0,[],[],[]]
